{"sysstat": {
	"hosts": [
		{
			"nodename": "rtp-sn1-08-mitchell",
			"sysname": "Linux",
			"release": "6.1.14-100.fc36.aarch64",
			"machine": "aarch64",
			"number-of-cpus": 96,
			"file-date": "2023-07-06",
			"file-utc-time": "11:59:29",
			"timezone": "EST",
			"statistics": [
				{
					"timestamp": {"date": "2023-07-06", "time": "11:59:59", "utc": 1, "interval": 30},
					"cpu-load": [
						{"cpu": "all", "user": 47.49, "nice": 0.00, "system": 13.39, "iowait": 0.17, "steal": 0.00, "idle": 38.95},
						{"cpu": "0", "user": 44.51, "nice": 0.00, "system": 11.93, "iowait": 0.03, "steal": 0.00, "idle": 43.52},
						{"cpu": "1", "user": 42.94, "nice": 0.00, "system": 11.34, "iowait": 0.00, "steal": 0.00, "idle": 45.72},
						{"cpu": "2", "user": 39.27, "nice": 0.00, "system": 14.80, "iowait": 0.62, "steal": 0.00, "idle": 45.32},
						{"cpu": "3", "user": 39.55, "nice": 0.00, "system": 12.71, "iowait": 0.00, "steal": 0.00, "idle": 47.74},
						{"cpu": "4", "user": 56.66, "nice": 0.00, "system": 12.04, "iowait": 0.00, "steal": 0.00, "idle": 31.30},
						{"cpu": "5", "user": 51.32, "nice": 0.00, "system": 18.28, "iowait": 0.00, "steal": 0.00, "idle": 30.40},
						{"cpu": "6", "user": 40.44, "nice": 0.00, "system": 12.38, "iowait": 2.54, "steal": 0.00, "idle": 44.65},
						{"cpu": "7", "user": 53.80, "nice": 0.00, "system": 13.08, "iowait": 0.00, "steal": 0.00, "idle": 33.11},
						{"cpu": "8", "user": 48.53, "nice": 0.00, "system": 18.31, "iowait": 1.01, "steal": 0.00, "idle": 32.15},
						{"cpu": "9", "user": 51.96, "nice": 0.00, "system": 12.27, "iowait": 0.04, "steal": 0.00, "idle": 35.73},
						{"cpu": "10", "user": 49.84, "nice": 0.00, "system": 13.14, "iowait": 0.28, "steal": 0.00, "idle": 36.74},
						{"cpu": "11", "user": 47.31, "nice": 0.00, "system": 14.13, "iowait": 0.00, "steal": 0.00, "idle": 38.56},
						{"cpu": "12", "user": 45.49, "nice": 0.00, "system": 14.72, "iowait": 0.00, "steal": 0.00, "idle": 39.79},
						{"cpu": "13", "user": 40.66, "nice": 0.00, "system": 7.84, "iowait": 0.00, "steal": 0.00, "idle": 51.50},
						{"cpu": "14", "user": 46.04, "nice": 0.00, "system": 12.11, "iowait": 0.00, "steal": 0.00, "idle": 41.84},
						{"cpu": "15", "user": 47.94, "nice": 0.00, "system": 8.04, "iowait": 0.00, "steal": 0.00, "idle": 44.02},
						{"cpu": "16", "user": 42.97, "nice": 0.00, "system": 11.64, "iowait": 0.07, "steal": 0.00, "idle": 45.33},
						{"cpu": "17", "user": 41.85, "nice": 0.00, "system": 11.47, "iowait": 0.07, "steal": 0.00, "idle": 46.61},
						{"cpu": "18", "user": 57.71, "nice": 0.00, "system": 13.66, "iowait": 0.00, "steal": 0.00, "idle": 28.63},
						{"cpu": "19", "user": 57.61, "nice": 0.00, "system": 11.96, "iowait": 0.00, "steal": 0.00, "idle": 30.43},
						{"cpu": "20", "user": 40.43, "nice": 0.00, "system": 15.10, "iowait": 0.07, "steal": 0.00, "idle": 44.40},
						{"cpu": "21", "user": 55.03, "nice": 0.00, "system": 13.00, "iowait": 0.00, "steal": 0.00, "idle": 31.97},
						{"cpu": "22", "user": 48.41, "nice": 0.00, "system": 20.99, "iowait": 0.00, "steal": 0.00, "idle": 30.60},
						{"cpu": "23", "user": 53.96, "nice": 0.00, "system": 11.04, "iowait": 0.00, "steal": 0.00, "idle": 35.00},
						{"cpu": "24", "user": 47.46, "nice": 0.00, "system": 17.47, "iowait": 0.07, "steal": 0.00, "idle": 35.00},
						{"cpu": "25", "user": 50.09, "nice": 0.00, "system": 12.49, "iowait": 0.80, "steal": 0.00, "idle": 36.63},
						{"cpu": "26", "user": 48.25, "nice": 0.00, "system": 13.23, "iowait": 0.00, "steal": 0.00, "idle": 38.51},
						{"cpu": "27", "user": 50.10, "nice": 0.00, "system": 9.91, "iowait": 0.00, "steal": 0.00, "idle": 39.99},
						{"cpu": "28", "user": 44.15, "nice": 0.00, "system": 15.36, "iowait": 0.00, "steal": 0.00, "idle": 40.49},
						{"cpu": "29", "user": 43.31, "nice": 0.00, "system": 15.44, "iowait": 0.00, "steal": 0.00, "idle": 41.25},
						{"cpu": "30", "user": 40.77, "nice": 0.00, "system": 14.96, "iowait": 0.00, "steal": 0.00, "idle": 44.27},
						{"cpu": "31", "user": 41.88, "nice": 0.00, "system": 9.63, "iowait": 0.03, "steal": 0.00, "idle": 48.45},
						{"cpu": "32", "user": 49.47, "nice": 0.00, "system": 16.65, "iowait": 0.00, "steal": 0.00, "idle": 33.87},
						{"cpu": "33", "user": 52.19, "nice": 0.00, "system": 10.41, "iowait": 0.10, "steal": 0.00, "idle": 37.30},
						{"cpu": "34", "user": 45.86, "nice": 0.00, "system": 16.29, "iowait": 0.00, "steal": 0.00, "idle": 37.85},
						{"cpu": "35", "user": 47.82, "nice": 0.00, "system": 10.63, "iowait": 0.00, "steal": 0.00, "idle": 41.56},
						{"cpu": "36", "user": 44.25, "nice": 0.00, "system": 15.12, "iowait": 0.80, "steal": 0.00, "idle": 39.83},
						{"cpu": "37", "user": 47.25, "nice": 0.00, "system": 10.11, "iowait": 0.00, "steal": 0.00, "idle": 42.64},
						{"cpu": "38", "user": 40.43, "nice": 0.00, "system": 14.14, "iowait": 0.00, "steal": 0.00, "idle": 45.43},
						{"cpu": "39", "user": 42.41, "nice": 0.00, "system": 14.56, "iowait": 0.03, "steal": 0.00, "idle": 42.99},
						{"cpu": "40", "user": 44.38, "nice": 0.00, "system": 9.50, "iowait": 0.00, "steal": 0.00, "idle": 46.12},
						{"cpu": "41", "user": 43.59, "nice": 0.00, "system": 7.09, "iowait": 0.31, "steal": 0.00, "idle": 49.00},
						{"cpu": "42", "user": 55.41, "nice": 0.00, "system": 15.41, "iowait": 0.00, "steal": 0.00, "idle": 29.18},
						{"cpu": "43", "user": 41.93, "nice": 0.00, "system": 12.67, "iowait": 0.07, "steal": 0.00, "idle": 45.33},
						{"cpu": "44", "user": 56.71, "nice": 0.00, "system": 12.72, "iowait": 0.42, "steal": 0.00, "idle": 30.15},
						{"cpu": "45", "user": 57.76, "nice": 0.00, "system": 8.83, "iowait": 0.07, "steal": 0.00, "idle": 33.33},
						{"cpu": "46", "user": 51.57, "nice": 0.00, "system": 15.60, "iowait": 0.03, "steal": 0.00, "idle": 32.80},
						{"cpu": "47", "user": 53.03, "nice": 0.00, "system": 11.33, "iowait": 0.00, "steal": 0.00, "idle": 35.63},
						{"cpu": "48", "user": 50.25, "nice": 0.00, "system": 14.68, "iowait": 0.04, "steal": 0.00, "idle": 35.04},
						{"cpu": "49", "user": 51.20, "nice": 0.00, "system": 18.70, "iowait": 0.00, "steal": 0.00, "idle": 30.10},
						{"cpu": "50", "user": 53.52, "nice": 0.00, "system": 14.02, "iowait": 0.00, "steal": 0.00, "idle": 32.46},
						{"cpu": "51", "user": 51.67, "nice": 0.00, "system": 13.86, "iowait": 1.01, "steal": 0.00, "idle": 33.46},
						{"cpu": "52", "user": 51.88, "nice": 0.00, "system": 11.44, "iowait": 0.00, "steal": 0.00, "idle": 36.68},
						{"cpu": "53", "user": 47.41, "nice": 0.00, "system": 14.00, "iowait": 0.00, "steal": 0.00, "idle": 38.59},
						{"cpu": "54", "user": 48.02, "nice": 0.00, "system": 14.18, "iowait": 0.00, "steal": 0.00, "idle": 37.79},
						{"cpu": "55", "user": 50.45, "nice": 0.00, "system": 8.34, "iowait": 0.21, "steal": 0.00, "idle": 41.00},
						{"cpu": "56", "user": 45.88, "nice": 0.00, "system": 13.01, "iowait": 0.24, "steal": 0.00, "idle": 40.87},
						{"cpu": "57", "user": 42.80, "nice": 0.00, "system": 15.94, "iowait": 0.00, "steal": 0.00, "idle": 41.26},
						{"cpu": "58", "user": 41.95, "nice": 0.00, "system": 14.49, "iowait": 0.00, "steal": 0.00, "idle": 43.56},
						{"cpu": "59", "user": 41.05, "nice": 0.00, "system": 13.64, "iowait": 0.00, "steal": 0.00, "idle": 45.31},
						{"cpu": "60", "user": 40.69, "nice": 0.00, "system": 13.19, "iowait": 0.00, "steal": 0.00, "idle": 46.11},
						{"cpu": "61", "user": 41.88, "nice": 0.00, "system": 9.42, "iowait": 0.03, "steal": 0.00, "idle": 48.66},
						{"cpu": "62", "user": 41.82, "nice": 0.00, "system": 20.77, "iowait": 0.00, "steal": 0.00, "idle": 37.41},
						{"cpu": "63", "user": 57.50, "nice": 0.00, "system": 11.40, "iowait": 0.00, "steal": 0.00, "idle": 31.09},
						{"cpu": "64", "user": 45.98, "nice": 0.00, "system": 19.44, "iowait": 0.10, "steal": 0.00, "idle": 34.48},
						{"cpu": "65", "user": 51.36, "nice": 0.00, "system": 9.80, "iowait": 0.00, "steal": 0.00, "idle": 38.84},
						{"cpu": "66", "user": 48.13, "nice": 0.00, "system": 12.85, "iowait": 0.00, "steal": 0.00, "idle": 39.02},
						{"cpu": "67", "user": 47.59, "nice": 0.00, "system": 9.52, "iowait": 0.00, "steal": 0.00, "idle": 42.89},
						{"cpu": "68", "user": 41.12, "nice": 0.00, "system": 15.41, "iowait": 0.03, "steal": 0.00, "idle": 43.44},
						{"cpu": "69", "user": 43.00, "nice": 0.00, "system": 13.38, "iowait": 0.31, "steal": 0.00, "idle": 43.31},
						{"cpu": "70", "user": 43.56, "nice": 0.00, "system": 8.38, "iowait": 0.00, "steal": 0.00, "idle": 48.06},
						{"cpu": "71", "user": 42.62, "nice": 0.00, "system": 8.26, "iowait": 0.45, "steal": 0.00, "idle": 48.68},
						{"cpu": "72", "user": 38.13, "nice": 0.00, "system": 12.11, "iowait": 0.00, "steal": 0.00, "idle": 49.76},
						{"cpu": "73", "user": 50.94, "nice": 0.00, "system": 10.48, "iowait": 0.52, "steal": 0.00, "idle": 38.06},
						{"cpu": "74", "user": 54.77, "nice": 0.00, "system": 16.91, "iowait": 0.00, "steal": 0.00, "idle": 28.32},
						{"cpu": "75", "user": 55.36, "nice": 0.00, "system": 13.44, "iowait": 0.21, "steal": 0.00, "idle": 31.00},
						{"cpu": "76", "user": 54.50, "nice": 0.00, "system": 14.59, "iowait": 0.00, "steal": 0.00, "idle": 30.90},
						{"cpu": "77", "user": 53.21, "nice": 0.00, "system": 13.97, "iowait": 0.00, "steal": 0.00, "idle": 32.82},
						{"cpu": "78", "user": 45.49, "nice": 0.00, "system": 18.13, "iowait": 0.00, "steal": 0.00, "idle": 36.37},
						{"cpu": "79", "user": 45.37, "nice": 0.00, "system": 22.36, "iowait": 0.00, "steal": 0.00, "idle": 32.27},
						{"cpu": "80", "user": 44.27, "nice": 0.00, "system": 14.00, "iowait": 0.00, "steal": 0.00, "idle": 41.73},
						{"cpu": "81", "user": 46.20, "nice": 0.00, "system": 9.90, "iowait": 0.03, "steal": 0.00, "idle": 43.87},
						{"cpu": "82", "user": 41.86, "nice": 0.00, "system": 15.43, "iowait": 0.00, "steal": 0.00, "idle": 42.72},
						{"cpu": "83", "user": 45.20, "nice": 0.00, "system": 8.14, "iowait": 0.00, "steal": 0.00, "idle": 46.65},
						{"cpu": "84", "user": 39.22, "nice": 0.00, "system": 15.02, "iowait": 0.00, "steal": 0.00, "idle": 45.76},
						{"cpu": "85", "user": 42.34, "nice": 0.00, "system": 9.88, "iowait": 0.24, "steal": 0.00, "idle": 47.54},
						{"cpu": "86", "user": 56.49, "nice": 0.00, "system": 13.88, "iowait": 0.42, "steal": 0.00, "idle": 29.21},
						{"cpu": "87", "user": 53.53, "nice": 0.00, "system": 18.70, "iowait": 0.45, "steal": 0.00, "idle": 27.32},
						{"cpu": "88", "user": 55.43, "nice": 0.00, "system": 12.28, "iowait": 0.00, "steal": 0.00, "idle": 32.29},
						{"cpu": "89", "user": 52.33, "nice": 0.00, "system": 14.77, "iowait": 0.97, "steal": 0.00, "idle": 31.93},
						{"cpu": "90", "user": 39.56, "nice": 0.00, "system": 15.27, "iowait": 0.03, "steal": 0.00, "idle": 45.13},
						{"cpu": "91", "user": 53.37, "nice": 0.00, "system": 10.42, "iowait": 0.00, "steal": 0.00, "idle": 36.22},
						{"cpu": "92", "user": 47.24, "nice": 0.00, "system": 16.95, "iowait": 0.24, "steal": 0.00, "idle": 35.57},
						{"cpu": "93", "user": 48.40, "nice": 0.00, "system": 11.73, "iowait": 2.79, "steal": 0.00, "idle": 37.08},
						{"cpu": "94", "user": 48.50, "nice": 0.00, "system": 13.06, "iowait": 0.28, "steal": 0.00, "idle": 38.17},
						{"cpu": "95", "user": 42.52, "nice": 0.00, "system": 19.77, "iowait": 0.14, "steal": 0.00, "idle": 37.56}
					]
				},
				{
					"timestamp": {"date": "2023-07-06", "time": "12:00:29", "utc": 1, "interval": 30},
					"cpu-load": [
						{"cpu": "all", "user": 59.54, "nice": 0.00, "system": 15.87, "iowait": 0.52, "steal": 0.00, "idle": 24.07},
						{"cpu": "0", "user": 61.25, "nice": 0.00, "system": 13.62, "iowait": 0.00, "steal": 0.00, "idle": 25.13},
						{"cpu": "1", "user": 57.96, "nice": 0.00, "system": 17.23, "iowait": 0.35, "steal": 0.00, "idle": 24.46},
						{"cpu": "2", "user": 64.23, "nice": 0.00, "system": 11.20, "iowait": 0.88, "steal": 0.00, "idle": 23.69},
						{"cpu": "3", "user": 61.05, "nice": 0.00, "system": 15.12, "iowait": 0.56, "steal": 0.00, "idle": 23.26},
						{"cpu": "4", "user": 61.86, "nice": 0.00, "system": 12.78, "iowait": 0.00, "steal": 0.00, "idle": 25.36},
						{"cpu": "5", "user": 56.40, "nice": 0.00, "system": 17.17, "iowait": 2.45, "steal": 0.00, "idle": 23.99},
						{"cpu": "6", "user": 60.30, "nice": 0.00, "system": 13.00, "iowait": 0.91, "steal": 0.00, "idle": 25.79},
						{"cpu": "7", "user": 57.18, "nice": 0.00, "system": 18.24, "iowait": 1.13, "steal": 0.00, "idle": 23.46},
						{"cpu": "8", "user": 55.89, "nice": 0.00, "system": 19.62, "iowait": 1.06, "steal": 0.00, "idle": 23.43},
						{"cpu": "9", "user": 60.43, "nice": 0.00, "system": 14.53, "iowait": 0.00, "steal": 0.00, "idle": 25.04},
						{"cpu": "10", "user": 57.23, "nice": 0.00, "system": 18.36, "iowait": 1.56, "steal": 0.00, "idle": 22.84},
						{"cpu": "11", "user": 60.20, "nice": 0.00, "system": 15.72, "iowait": 1.46, "steal": 0.00, "idle": 22.62},
						{"cpu": "12", "user": 56.97, "nice": 0.00, "system": 19.77, "iowait": 0.00, "steal": 0.00, "idle": 23.26},
						{"cpu": "13", "user": 62.96, "nice": 0.00, "system": 11.20, "iowait": 0.07, "steal": 0.00, "idle": 25.77},
						{"cpu": "14", "user": 61.56, "nice": 0.00, "system": 14.69, "iowait": 0.00, "steal": 0.00, "idle": 23.75},
						{"cpu": "15", "user": 57.83, "nice": 0.00, "system": 18.41, "iowait": 1.21, "steal": 0.00, "idle": 22.55},
						{"cpu": "16", "user": 58.76, "nice": 0.00, "system": 15.86, "iowait": 2.29, "steal": 0.00, "idle": 23.09},
						{"cpu": "17", "user": 59.12, "nice": 0.00, "system": 14.26, "iowait": 1.69, "steal": 0.00, "idle": 24.93},
						{"cpu": "18", "user": 60.90, "nice": 0.00, "system": 12.45, "iowait": 0.35, "steal": 0.00, "idle": 26.30},
						{"cpu": "19", "user": 61.11, "nice": 0.00, "system": 11.50, "iowait": 1.01, "steal": 0.00, "idle": 26.38},
						{"cpu": "20", "user": 56.13, "nice": 0.00, "system": 19.31, "iowait": 0.00, "steal": 0.00, "idle": 24.56},
						{"cpu": "21", "user": 60.93, "nice": 0.00, "system": 11.38, "iowait": 0.62, "steal": 0.00, "idle": 27.06},
						{"cpu": "22", "user": 56.54, "nice": 0.00, "system": 19.35, "iowait": 0.42, "steal": 0.00, "idle": 23.69},
						{"cpu": "23", "user": 61.60, "nice": 0.00, "system": 12.41, "iowait": 0.91, "steal": 0.00, "idle": 25.07},
						{"cpu": "24", "user": 55.66, "nice": 0.00, "system": 20.34, "iowait": 1.50, "steal": 0.00, "idle": 22.50},
						{"cpu": "25", "user": 57.73, "nice": 0.00, "system": 16.43, "iowait": 2.09, "steal": 0.00, "idle": 23.75},
						{"cpu": "26", "user": 60.71, "nice": 0.00, "system": 14.38, "iowait": 0.60, "steal": 0.00, "idle": 24.31},
						{"cpu": "27", "user": 62.60, "nice": 0.00, "system": 11.42, "iowait": 0.59, "steal": 0.00, "idle": 25.40},
						{"cpu": "28", "user": 56.90, "nice": 0.00, "system": 19.08, "iowait": 0.07, "steal": 0.00, "idle": 23.94},
						{"cpu": "29", "user": 55.09, "nice": 0.00, "system": 19.99, "iowait": 0.00, "steal": 0.00, "idle": 24.91},
						{"cpu": "30", "user": 56.22, "nice": 0.00, "system": 19.85, "iowait": 1.09, "steal": 0.00, "idle": 22.84},
						{"cpu": "31", "user": 60.92, "nice": 0.00, "system": 13.31, "iowait": 0.00, "steal": 0.00, "idle": 25.77},
						{"cpu": "32", "user": 60.18, "nice": 0.00, "system": 16.09, "iowait": 0.00, "steal": 0.00, "idle": 23.73},
						{"cpu": "33", "user": 63.07, "nice": 0.00, "system": 11.34, "iowait": 0.25, "steal": 0.00, "idle": 25.34},
						{"cpu": "34", "user": 57.67, "nice": 0.00, "system": 18.12, "iowait": 1.86, "steal": 0.00, "idle": 22.34},
						{"cpu": "35", "user": 59.50, "nice": 0.00, "system": 14.58, "iowait": 0.45, "steal": 0.00, "idle": 25.47},
						{"cpu": "36", "user": 58.05, "nice": 0.00, "system": 16.79, "iowait": 0.07, "steal": 0.00, "idle": 25.09},
						{"cpu": "37", "user": 61.02, "nice": 0.00, "system": 12.75, "iowait": 0.21, "steal": 0.00, "idle": 26.02},
						{"cpu": "38", "user": 58.12, "nice": 0.00, "system": 15.99, "iowait": 0.14, "steal": 0.00, "idle": 25.75},
						{"cpu": "39", "user": 59.39, "nice": 0.00, "system": 15.91, "iowait": 0.75, "steal": 0.00, "idle": 23.95},
						{"cpu": "40", "user": 61.75, "nice": 0.00, "system": 11.81, "iowait": 0.00, "steal": 0.00, "idle": 26.44},
						{"cpu": "41", "user": 57.98, "nice": 0.00, "system": 16.73, "iowait": 0.92, "steal": 0.00, "idle": 24.37},
						{"cpu": "42", "user": 57.75, "nice": 0.00, "system": 17.27, "iowait": 0.00, "steal": 0.00, "idle": 24.98},
						{"cpu": "43", "user": 59.41, "nice": 0.00, "system": 15.30, "iowait": 3.39, "steal": 0.00, "idle": 21.90},
						{"cpu": "44", "user": 60.97, "nice": 0.00, "system": 14.10, "iowait": 0.03, "steal": 0.00, "idle": 24.90},
						{"cpu": "45", "user": 61.87, "nice": 0.00, "system": 11.74, "iowait": 1.15, "steal": 0.00, "idle": 25.24},
						{"cpu": "46", "user": 57.92, "nice": 0.00, "system": 17.46, "iowait": 0.35, "steal": 0.00, "idle": 24.26},
						{"cpu": "47", "user": 60.21, "nice": 0.00, "system": 14.11, "iowait": 0.00, "steal": 0.00, "idle": 25.68},
						{"cpu": "48", "user": 59.15, "nice": 0.00, "system": 15.36, "iowait": 2.06, "steal": 0.00, "idle": 23.43},
						{"cpu": "49", "user": 60.09, "nice": 0.00, "system": 15.33, "iowait": 1.32, "steal": 0.00, "idle": 23.26},
						{"cpu": "50", "user": 56.59, "nice": 0.00, "system": 18.68, "iowait": 0.38, "steal": 0.00, "idle": 24.36},
						{"cpu": "51", "user": 61.84, "nice": 0.00, "system": 11.51, "iowait": 0.28, "steal": 0.00, "idle": 26.38},
						{"cpu": "52", "user": 58.91, "nice": 0.00, "system": 14.91, "iowait": 0.00, "steal": 0.00, "idle": 26.18},
						{"cpu": "53", "user": 59.45, "nice": 0.00, "system": 15.00, "iowait": 1.57, "steal": 0.00, "idle": 23.98},
						{"cpu": "54", "user": 53.60, "nice": 0.00, "system": 20.15, "iowait": 0.70, "steal": 0.00, "idle": 25.56},
						{"cpu": "55", "user": 56.71, "nice": 0.00, "system": 17.38, "iowait": 0.49, "steal": 0.00, "idle": 25.42},
						{"cpu": "56", "user": 59.83, "nice": 0.00, "system": 15.68, "iowait": 0.07, "steal": 0.00, "idle": 24.42},
						{"cpu": "57", "user": 55.66, "nice": 0.00, "system": 19.36, "iowait": 0.07, "steal": 0.00, "idle": 24.90},
						{"cpu": "58", "user": 58.22, "nice": 0.00, "system": 15.70, "iowait": 0.14, "steal": 0.00, "idle": 25.95},
						{"cpu": "59", "user": 59.33, "nice": 0.00, "system": 15.54, "iowait": 0.18, "steal": 0.00, "idle": 24.96},
						{"cpu": "60", "user": 59.32, "nice": 0.00, "system": 15.48, "iowait": 0.39, "steal": 0.00, "idle": 24.82},
						{"cpu": "61", "user": 59.13, "nice": 0.00, "system": 14.64, "iowait": 0.00, "steal": 0.00, "idle": 26.23},
						{"cpu": "62", "user": 53.69, "nice": 0.00, "system": 22.31, "iowait": 0.10, "steal": 0.00, "idle": 23.90},
						{"cpu": "63", "user": 60.01, "nice": 0.00, "system": 14.60, "iowait": 1.12, "steal": 0.00, "idle": 24.28},
						{"cpu": "64", "user": 60.41, "nice": 0.00, "system": 16.91, "iowait": 0.00, "steal": 0.00, "idle": 22.68},
						{"cpu": "65", "user": 56.89, "nice": 0.00, "system": 18.87, "iowait": 0.28, "steal": 0.00, "idle": 23.96},
						{"cpu": "66", "user": 59.04, "nice": 0.00, "system": 17.48, "iowait": 0.00, "steal": 0.00, "idle": 23.49},
						{"cpu": "67", "user": 62.50, "nice": 0.00, "system": 14.08, "iowait": 0.14, "steal": 0.00, "idle": 23.28},
						{"cpu": "68", "user": 56.93, "nice": 0.00, "system": 20.10, "iowait": 0.00, "steal": 0.00, "idle": 22.97},
						{"cpu": "69", "user": 61.04, "nice": 0.00, "system": 14.93, "iowait": 0.07, "steal": 0.00, "idle": 23.95},
						{"cpu": "70", "user": 59.46, "nice": 0.00, "system": 16.39, "iowait": 1.58, "steal": 0.00, "idle": 22.57},
						{"cpu": "71", "user": 60.30, "nice": 0.00, "system": 15.75, "iowait": 0.07, "steal": 0.00, "idle": 23.88},
						{"cpu": "72", "user": 60.71, "nice": 0.00, "system": 16.06, "iowait": 0.03, "steal": 0.00, "idle": 23.20},
						{"cpu": "73", "user": 62.71, "nice": 0.00, "system": 14.35, "iowait": 0.14, "steal": 0.00, "idle": 22.81},
						{"cpu": "74", "user": 61.32, "nice": 0.00, "system": 16.48, "iowait": 0.00, "steal": 0.00, "idle": 22.20},
						{"cpu": "75", "user": 58.71, "nice": 0.00, "system": 17.38, "iowait": 0.00, "steal": 0.00, "idle": 23.91},
						{"cpu": "76", "user": 59.20, "nice": 0.00, "system": 17.56, "iowait": 0.00, "steal": 0.00, "idle": 23.24},
						{"cpu": "77", "user": 61.03, "nice": 0.00, "system": 14.66, "iowait": 0.18, "steal": 0.00, "idle": 24.13},
						{"cpu": "78", "user": 57.28, "nice": 0.00, "system": 21.03, "iowait": 0.00, "steal": 0.00, "idle": 21.69},
						{"cpu": "79", "user": 60.30, "nice": 0.00, "system": 17.27, "iowait": 0.00, "steal": 0.00, "idle": 22.42},
						{"cpu": "80", "user": 57.69, "nice": 0.00, "system": 18.90, "iowait": 0.45, "steal": 0.00, "idle": 22.96},
						{"cpu": "81", "user": 63.38, "nice": 0.00, "system": 12.80, "iowait": 0.03, "steal": 0.00, "idle": 23.78},
						{"cpu": "82", "user": 61.04, "nice": 0.00, "system": 18.00, "iowait": 0.00, "steal": 0.00, "idle": 20.96},
						{"cpu": "83", "user": 62.61, "nice": 0.00, "system": 13.31, "iowait": 0.00, "steal": 0.00, "idle": 24.08},
						{"cpu": "84", "user": 58.51, "nice": 0.00, "system": 19.45, "iowait": 0.00, "steal": 0.00, "idle": 22.04},
						{"cpu": "85", "user": 60.27, "nice": 0.00, "system": 17.37, "iowait": 0.10, "steal": 0.00, "idle": 22.26},
						{"cpu": "86", "user": 58.37, "nice": 0.00, "system": 19.72, "iowait": 0.28, "steal": 0.00, "idle": 21.63},
						{"cpu": "87", "user": 60.53, "nice": 0.00, "system": 15.74, "iowait": 0.07, "steal": 0.00, "idle": 23.66},
						{"cpu": "88", "user": 64.50, "nice": 0.00, "system": 11.44, "iowait": 0.14, "steal": 0.00, "idle": 23.92},
						{"cpu": "89", "user": 63.92, "nice": 0.00, "system": 13.12, "iowait": 0.04, "steal": 0.00, "idle": 22.93},
						{"cpu": "90", "user": 61.81, "nice": 0.00, "system": 14.58, "iowait": 0.21, "steal": 0.00, "idle": 23.40},
						{"cpu": "91", "user": 63.12, "nice": 0.00, "system": 12.00, "iowait": 0.10, "steal": 0.00, "idle": 24.77},
						{"cpu": "92", "user": 58.43, "nice": 0.00, "system": 18.22, "iowait": 0.07, "steal": 0.00, "idle": 23.28},
						{"cpu": "93", "user": 61.79, "nice": 0.00, "system": 15.87, "iowait": 1.66, "steal": 0.00, "idle": 20.68},
						{"cpu": "94", "user": 61.07, "nice": 0.00, "system": 14.52, "iowait": 0.46, "steal": 0.00, "idle": 23.95},
						{"cpu": "95", "user": 60.62, "nice": 0.00, "system": 15.87, "iowait": 0.04, "steal": 0.00, "idle": 23.48}
					]
				},
				{
					"timestamp": {"date": "2023-07-06", "time": "12:00:59", "utc": 1, "interval": 30},
					"cpu-load": [
						{"cpu": "all", "user": 60.85, "nice": 0.00, "system": 15.07, "iowait": 0.42, "steal": 0.00, "idle": 23.67},
						{"cpu": "0", "user": 61.19, "nice": 0.00, "system": 11.29, "iowait": 1.90, "steal": 0.00, "idle": 25.62},
						{"cpu": "1", "user": 59.19, "nice": 0.00, "system": 13.74, "iowait": 0.21, "steal": 0.00, "idle": 26.86},
						{"cpu": "2", "user": 56.87, "nice": 0.00, "system": 15.54, "iowait": 0.24, "steal": 0.00, "idle": 27.35},
						{"cpu": "3", "user": 61.26, "nice": 0.00, "system": 13.11, "iowait": 1.91, "steal": 0.00, "idle": 23.73},
						{"cpu": "4", "user": 63.24, "nice": 0.00, "system": 9.28, "iowait": 0.14, "steal": 0.00, "idle": 27.35},
						{"cpu": "5", "user": 59.07, "nice": 0.00, "system": 14.25, "iowait": 0.00, "steal": 0.00, "idle": 26.68},
						{"cpu": "6", "user": 61.13, "nice": 0.00, "system": 12.78, "iowait": 0.62, "steal": 0.00, "idle": 25.46},
						{"cpu": "7", "user": 57.59, "nice": 0.00, "system": 17.83, "iowait": 2.55, "steal": 0.00, "idle": 22.03},
						{"cpu": "8", "user": 57.49, "nice": 0.00, "system": 16.81, "iowait": 0.83, "steal": 0.00, "idle": 24.87},
						{"cpu": "9", "user": 57.26, "nice": 0.00, "system": 16.03, "iowait": 0.48, "steal": 0.00, "idle": 26.23},
						{"cpu": "10", "user": 57.57, "nice": 0.00, "system": 17.28, "iowait": 0.00, "steal": 0.00, "idle": 25.15},
						{"cpu": "11", "user": 60.38, "nice": 0.00, "system": 12.59, "iowait": 1.32, "steal": 0.00, "idle": 25.70},
						{"cpu": "12", "user": 56.31, "nice": 0.00, "system": 18.05, "iowait": 0.45, "steal": 0.00, "idle": 25.19},
						{"cpu": "13", "user": 58.00, "nice": 0.00, "system": 15.07, "iowait": 0.03, "steal": 0.00, "idle": 26.89},
						{"cpu": "14", "user": 59.57, "nice": 0.00, "system": 14.44, "iowait": 0.00, "steal": 0.00, "idle": 25.99},
						{"cpu": "15", "user": 61.30, "nice": 0.00, "system": 10.03, "iowait": 0.24, "steal": 0.00, "idle": 28.43},
						{"cpu": "16", "user": 59.71, "nice": 0.00, "system": 16.28, "iowait": 0.00, "steal": 0.00, "idle": 24.01},
						{"cpu": "17", "user": 64.22, "nice": 0.00, "system": 11.07, "iowait": 0.00, "steal": 0.00, "idle": 24.71},
						{"cpu": "18", "user": 61.18, "nice": 0.00, "system": 14.44, "iowait": 0.00, "steal": 0.00, "idle": 24.38},
						{"cpu": "19", "user": 58.73, "nice": 0.00, "system": 17.86, "iowait": 3.29, "steal": 0.00, "idle": 20.12},
						{"cpu": "20", "user": 56.42, "nice": 0.00, "system": 18.96, "iowait": 0.00, "steal": 0.00, "idle": 24.62},
						{"cpu": "21", "user": 63.23, "nice": 0.00, "system": 11.07, "iowait": 0.00, "steal": 0.00, "idle": 25.70},
						{"cpu": "22", "user": 59.79, "nice": 0.00, "system": 16.40, "iowait": 0.00, "steal": 0.00, "idle": 23.81},
						{"cpu": "23", "user": 63.63, "nice": 0.00, "system": 10.97, "iowait": 0.00, "steal": 0.00, "idle": 25.40},
						{"cpu": "24", "user": 57.74, "nice": 0.00, "system": 19.63, "iowait": 0.28, "steal": 0.00, "idle": 22.35},
						{"cpu": "25", "user": 60.78, "nice": 0.00, "system": 12.53, "iowait": 0.48, "steal": 0.00, "idle": 26.21},
						{"cpu": "26", "user": 61.75, "nice": 0.00, "system": 13.33, "iowait": 0.00, "steal": 0.00, "idle": 24.92},
						{"cpu": "27", "user": 61.24, "nice": 0.00, "system": 14.09, "iowait": 0.00, "steal": 0.00, "idle": 24.66},
						{"cpu": "28", "user": 57.71, "nice": 0.00, "system": 18.51, "iowait": 0.25, "steal": 0.00, "idle": 23.53},
						{"cpu": "29", "user": 59.40, "nice": 0.00, "system": 17.22, "iowait": 0.00, "steal": 0.00, "idle": 23.38},
						{"cpu": "30", "user": 60.41, "nice": 0.00, "system": 15.98, "iowait": 0.41, "steal": 0.00, "idle": 23.20},
						{"cpu": "31", "user": 63.04, "nice": 0.00, "system": 11.81, "iowait": 0.00, "steal": 0.00, "idle": 25.15},
						{"cpu": "32", "user": 62.16, "nice": 0.00, "system": 15.50, "iowait": 0.03, "steal": 0.00, "idle": 22.30},
						{"cpu": "33", "user": 60.32, "nice": 0.00, "system": 12.73, "iowait": 0.60, "steal": 0.00, "idle": 26.35},
						{"cpu": "34", "user": 60.32, "nice": 0.00, "system": 16.82, "iowait": 0.04, "steal": 0.00, "idle": 22.83},
						{"cpu": "35", "user": 64.92, "nice": 0.00, "system": 11.43, "iowait": 0.00, "steal": 0.00, "idle": 23.65},
						{"cpu": "36", "user": 59.77, "nice": 0.00, "system": 16.77, "iowait": 1.30, "steal": 0.00, "idle": 22.15},
						{"cpu": "37", "user": 59.02, "nice": 0.00, "system": 17.38, "iowait": 1.00, "steal": 0.00, "idle": 22.60},
						{"cpu": "38", "user": 56.55, "nice": 0.00, "system": 21.78, "iowait": 0.03, "steal": 0.00, "idle": 21.64},
						{"cpu": "39", "user": 65.49, "nice": 0.00, "system": 10.46, "iowait": 0.03, "steal": 0.00, "idle": 24.02},
						{"cpu": "40", "user": 62.07, "nice": 0.00, "system": 13.69, "iowait": 0.87, "steal": 0.00, "idle": 23.38},
						{"cpu": "41", "user": 61.60, "nice": 0.00, "system": 14.51, "iowait": 0.17, "steal": 0.00, "idle": 23.72},
						{"cpu": "42", "user": 57.94, "nice": 0.00, "system": 19.69, "iowait": 0.07, "steal": 0.00, "idle": 22.30},
						{"cpu": "43", "user": 66.67, "nice": 0.00, "system": 9.45, "iowait": 1.30, "steal": 0.00, "idle": 22.58},
						{"cpu": "44", "user": 63.86, "nice": 0.00, "system": 12.34, "iowait": 0.00, "steal": 0.00, "idle": 23.80},
						{"cpu": "45", "user": 65.70, "nice": 0.00, "system": 10.95, "iowait": 0.17, "steal": 0.00, "idle": 23.18},
						{"cpu": "46", "user": 60.32, "nice": 0.00, "system": 16.64, "iowait": 0.00, "steal": 0.00, "idle": 23.04},
						{"cpu": "47", "user": 62.95, "nice": 0.00, "system": 11.73, "iowait": 0.41, "steal": 0.00, "idle": 24.91},
						{"cpu": "48", "user": 61.29, "nice": 0.00, "system": 14.08, "iowait": 0.03, "steal": 0.00, "idle": 24.59},
						{"cpu": "49", "user": 62.87, "nice": 0.00, "system": 12.25, "iowait": 0.00, "steal": 0.00, "idle": 24.88},
						{"cpu": "50", "user": 62.81, "nice": 0.00, "system": 13.08, "iowait": 0.00, "steal": 0.00, "idle": 24.11},
						{"cpu": "51", "user": 62.79, "nice": 0.00, "system": 11.20, "iowait": 0.55, "steal": 0.00, "idle": 25.45},
						{"cpu": "52", "user": 59.05, "nice": 0.00, "system": 17.65, "iowait": 0.00, "steal": 0.00, "idle": 23.30},
						{"cpu": "53", "user": 65.73, "nice": 0.00, "system": 11.51, "iowait": 0.87, "steal": 0.00, "idle": 21.90},
						{"cpu": "54", "user": 57.82, "nice": 0.00, "system": 20.25, "iowait": 0.96, "steal": 0.00, "idle": 20.97},
						{"cpu": "55", "user": 62.66, "nice": 0.00, "system": 13.27, "iowait": 1.61, "steal": 0.00, "idle": 22.46},
						{"cpu": "56", "user": 57.70, "nice": 0.00, "system": 18.55, "iowait": 0.07, "steal": 0.00, "idle": 23.69},
						{"cpu": "57", "user": 59.52, "nice": 0.00, "system": 17.34, "iowait": 0.00, "steal": 0.00, "idle": 23.14},
						{"cpu": "58", "user": 60.27, "nice": 0.00, "system": 16.46, "iowait": 1.26, "steal": 0.00, "idle": 22.01},
						{"cpu": "59", "user": 60.00, "nice": 0.00, "system": 16.08, "iowait": 0.00, "steal": 0.00, "idle": 23.92},
						{"cpu": "60", "user": 60.83, "nice": 0.00, "system": 14.99, "iowait": 0.03, "steal": 0.00, "idle": 24.15},
						{"cpu": "61", "user": 63.44, "nice": 0.00, "system": 13.69, "iowait": 0.07, "steal": 0.00, "idle": 22.80},
						{"cpu": "62", "user": 56.94, "nice": 0.00, "system": 20.40, "iowait": 0.00, "steal": 0.00, "idle": 22.66},
						{"cpu": "63", "user": 62.47, "nice": 0.00, "system": 14.44, "iowait": 1.20, "steal": 0.00, "idle": 21.89},
						{"cpu": "64", "user": 61.11, "nice": 0.00, "system": 16.46, "iowait": 0.38, "steal": 0.00, "idle": 22.05},
						{"cpu": "65", "user": 64.09, "nice": 0.00, "system": 13.61, "iowait": 0.27, "steal": 0.00, "idle": 22.02},
						{"cpu": "66", "user": 63.74, "nice": 0.00, "system": 15.01, "iowait": 0.10, "steal": 0.00, "idle": 21.15},
						{"cpu": "67", "user": 61.22, "nice": 0.00, "system": 15.39, "iowait": 1.07, "steal": 0.00, "idle": 22.31},
						{"cpu": "68", "user": 58.48, "nice": 0.00, "system": 20.97, "iowait": 0.87, "steal": 0.00, "idle": 19.68},
						{"cpu": "69", "user": 63.94, "nice": 0.00, "system": 12.72, "iowait": 2.78, "steal": 0.00, "idle": 20.56},
						{"cpu": "70", "user": 61.71, "nice": 0.00, "system": 16.57, "iowait": 0.07, "steal": 0.00, "idle": 21.66},
						{"cpu": "71", "user": 64.44, "nice": 0.00, "system": 12.75, "iowait": 0.00, "steal": 0.00, "idle": 22.81},
						{"cpu": "72", "user": 61.01, "nice": 0.00, "system": 16.49, "iowait": 0.21, "steal": 0.00, "idle": 22.30},
						{"cpu": "73", "user": 64.51, "nice": 0.00, "system": 11.03, "iowait": 0.35, "steal": 0.00, "idle": 24.12},
						{"cpu": "74", "user": 58.66, "nice": 0.00, "system": 19.35, "iowait": 0.00, "steal": 0.00, "idle": 21.99},
						{"cpu": "75", "user": 62.43, "nice": 0.00, "system": 16.16, "iowait": 0.31, "steal": 0.00, "idle": 21.10},
						{"cpu": "76", "user": 61.01, "nice": 0.00, "system": 15.97, "iowait": 0.21, "steal": 0.00, "idle": 22.82},
						{"cpu": "77", "user": 60.11, "nice": 0.00, "system": 16.82, "iowait": 0.07, "steal": 0.00, "idle": 23.00},
						{"cpu": "78", "user": 57.74, "nice": 0.00, "system": 20.99, "iowait": 0.17, "steal": 0.00, "idle": 21.10},
						{"cpu": "79", "user": 60.06, "nice": 0.00, "system": 18.60, "iowait": 0.00, "steal": 0.00, "idle": 21.33},
						{"cpu": "80", "user": 60.66, "nice": 0.00, "system": 15.66, "iowait": 0.00, "steal": 0.00, "idle": 23.68},
						{"cpu": "81", "user": 61.53, "nice": 0.00, "system": 13.24, "iowait": 1.18, "steal": 0.00, "idle": 24.06},
						{"cpu": "82", "user": 56.99, "nice": 0.00, "system": 19.61, "iowait": 0.38, "steal": 0.00, "idle": 23.02},
						{"cpu": "83", "user": 64.54, "nice": 0.00, "system": 10.70, "iowait": 0.00, "steal": 0.00, "idle": 24.76},
						{"cpu": "84", "user": 59.01, "nice": 0.00, "system": 17.61, "iowait": 0.03, "steal": 0.00, "idle": 23.35},
						{"cpu": "85", "user": 63.10, "nice": 0.00, "system": 12.84, "iowait": 0.00, "steal": 0.00, "idle": 24.06},
						{"cpu": "86", "user": 60.32, "nice": 0.00, "system": 15.78, "iowait": 0.24, "steal": 0.00, "idle": 23.67},
						{"cpu": "87", "user": 62.22, "nice": 0.00, "system": 13.52, "iowait": 0.07, "steal": 0.00, "idle": 24.19},
						{"cpu": "88", "user": 57.58, "nice": 0.00, "system": 18.73, "iowait": 2.55, "steal": 0.00, "idle": 21.14},
						{"cpu": "89", "user": 62.22, "nice": 0.00, "system": 12.77, "iowait": 0.03, "steal": 0.00, "idle": 24.97},
						{"cpu": "90", "user": 61.70, "nice": 0.00, "system": 14.70, "iowait": 0.00, "steal": 0.00, "idle": 23.60},
						{"cpu": "91", "user": 59.08, "nice": 0.00, "system": 16.34, "iowait": 0.07, "steal": 0.00, "idle": 24.51},
						{"cpu": "92", "user": 58.37, "nice": 0.00, "system": 18.74, "iowait": 0.00, "steal": 0.00, "idle": 22.89},
						{"cpu": "93", "user": 65.90, "nice": 0.00, "system": 10.57, "iowait": 0.00, "steal": 0.00, "idle": 23.53},
						{"cpu": "94", "user": 61.05, "nice": 0.00, "system": 16.32, "iowait": 0.00, "steal": 0.00, "idle": 22.62},
						{"cpu": "95", "user": 60.50, "nice": 0.00, "system": 15.15, "iowait": 0.03, "steal": 0.00, "idle": 24.32}
					]
				},
				{
					"timestamp": {"date": "2023-07-06", "time": "12:01:29", "utc": 1, "interval": 30},
					"cpu-load": [
						{"cpu": "all", "user": 62.25, "nice": 0.00, "system": 14.57, "iowait": 0.15, "steal": 0.00, "idle": 23.03},
						{"cpu": "0", "user": 62.56, "nice": 0.00, "system": 14.54, "iowait": 0.20, "steal": 0.00, "idle": 22.70},
						{"cpu": "1", "user": 61.81, "nice": 0.00, "system": 14.35, "iowait": 0.10, "steal": 0.00, "idle": 23.73},
						{"cpu": "2", "user": 62.28, "nice": 0.00, "system": 11.64, "iowait": 0.00, "steal": 0.00, "idle": 26.08},
						{"cpu": "3", "user": 62.82, "nice": 0.00, "system": 13.88, "iowait": 0.24, "steal": 0.00, "idle": 23.06},
						{"cpu": "4", "user": 59.20, "nice": 0.00, "system": 18.39, "iowait": 0.03, "steal": 0.00, "idle": 22.38},
						{"cpu": "5", "user": 61.91, "nice": 0.00, "system": 14.47, "iowait": 0.03, "steal": 0.00, "idle": 23.58},
						{"cpu": "6", "user": 69.00, "nice": 0.00, "system": 10.62, "iowait": 0.14, "steal": 0.00, "idle": 20.25},
						{"cpu": "7", "user": 62.50, "nice": 0.00, "system": 13.82, "iowait": 0.03, "steal": 0.00, "idle": 23.64},
						{"cpu": "8", "user": 61.00, "nice": 0.00, "system": 16.10, "iowait": 0.00, "steal": 0.00, "idle": 22.89},
						{"cpu": "9", "user": 58.91, "nice": 0.00, "system": 18.47, "iowait": 0.72, "steal": 0.00, "idle": 21.91},
						{"cpu": "10", "user": 62.84, "nice": 0.00, "system": 13.49, "iowait": 0.00, "steal": 0.00, "idle": 23.68},
						{"cpu": "11", "user": 62.47, "nice": 0.00, "system": 13.40, "iowait": 0.00, "steal": 0.00, "idle": 24.12},
						{"cpu": "12", "user": 58.62, "nice": 0.00, "system": 17.31, "iowait": 0.00, "steal": 0.00, "idle": 24.07},
						{"cpu": "13", "user": 64.74, "nice": 0.00, "system": 12.09, "iowait": 0.00, "steal": 0.00, "idle": 23.17},
						{"cpu": "14", "user": 61.97, "nice": 0.00, "system": 14.05, "iowait": 0.27, "steal": 0.00, "idle": 23.70},
						{"cpu": "15", "user": 64.56, "nice": 0.00, "system": 11.60, "iowait": 0.86, "steal": 0.00, "idle": 22.99},
						{"cpu": "16", "user": 63.07, "nice": 0.00, "system": 15.44, "iowait": 0.00, "steal": 0.00, "idle": 21.49},
						{"cpu": "17", "user": 64.29, "nice": 0.00, "system": 13.00, "iowait": 0.10, "steal": 0.00, "idle": 22.61},
						{"cpu": "18", "user": 64.46, "nice": 0.00, "system": 11.33, "iowait": 0.00, "steal": 0.00, "idle": 24.21},
						{"cpu": "19", "user": 64.29, "nice": 0.00, "system": 14.21, "iowait": 0.00, "steal": 0.00, "idle": 21.50},
						{"cpu": "20", "user": 61.16, "nice": 0.00, "system": 17.47, "iowait": 0.00, "steal": 0.00, "idle": 21.37},
						{"cpu": "21", "user": 65.28, "nice": 0.00, "system": 11.72, "iowait": 0.10, "steal": 0.00, "idle": 22.89},
						{"cpu": "22", "user": 59.14, "nice": 0.00, "system": 19.41, "iowait": 0.03, "steal": 0.00, "idle": 21.42},
						{"cpu": "23", "user": 63.55, "nice": 0.00, "system": 14.80, "iowait": 0.03, "steal": 0.00, "idle": 21.62},
						{"cpu": "24", "user": 59.06, "nice": 0.00, "system": 18.80, "iowait": 0.00, "steal": 0.00, "idle": 22.14},
						{"cpu": "25", "user": 65.62, "nice": 0.00, "system": 11.55, "iowait": 0.00, "steal": 0.00, "idle": 22.83},
						{"cpu": "26", "user": 65.25, "nice": 0.00, "system": 12.59, "iowait": 0.00, "steal": 0.00, "idle": 22.16},
						{"cpu": "27", "user": 64.73, "nice": 0.00, "system": 10.58, "iowait": 0.27, "steal": 0.00, "idle": 24.42},
						{"cpu": "28", "user": 62.59, "nice": 0.00, "system": 16.28, "iowait": 0.21, "steal": 0.00, "idle": 20.92},
						{"cpu": "29", "user": 59.17, "nice": 0.00, "system": 18.83, "iowait": 0.00, "steal": 0.00, "idle": 22.00},
						{"cpu": "30", "user": 62.70, "nice": 0.00, "system": 14.95, "iowait": 0.03, "steal": 0.00, "idle": 22.32},
						{"cpu": "31", "user": 66.59, "nice": 0.00, "system": 10.76, "iowait": 0.00, "steal": 0.00, "idle": 22.65},
						{"cpu": "32", "user": 62.56, "nice": 0.00, "system": 14.78, "iowait": 0.14, "steal": 0.00, "idle": 22.53},
						{"cpu": "33", "user": 66.96, "nice": 0.00, "system": 8.82, "iowait": 0.00, "steal": 0.00, "idle": 24.23},
						{"cpu": "34", "user": 61.13, "nice": 0.00, "system": 15.99, "iowait": 0.00, "steal": 0.00, "idle": 22.88},
						{"cpu": "35", "user": 65.77, "nice": 0.00, "system": 10.51, "iowait": 0.00, "steal": 0.00, "idle": 23.72},
						{"cpu": "36", "user": 61.41, "nice": 0.00, "system": 18.52, "iowait": 0.00, "steal": 0.00, "idle": 20.07},
						{"cpu": "37", "user": 59.87, "nice": 0.00, "system": 17.65, "iowait": 0.00, "steal": 0.00, "idle": 22.48},
						{"cpu": "38", "user": 60.80, "nice": 0.00, "system": 17.19, "iowait": 0.03, "steal": 0.00, "idle": 21.98},
						{"cpu": "39", "user": 63.73, "nice": 0.00, "system": 13.13, "iowait": 0.00, "steal": 0.00, "idle": 23.14},
						{"cpu": "40", "user": 67.16, "nice": 0.00, "system": 10.81, "iowait": 0.00, "steal": 0.00, "idle": 22.03},
						{"cpu": "41", "user": 65.08, "nice": 0.00, "system": 11.70, "iowait": 0.03, "steal": 0.00, "idle": 23.19},
						{"cpu": "42", "user": 63.61, "nice": 0.00, "system": 14.96, "iowait": 0.00, "steal": 0.00, "idle": 21.42},
						{"cpu": "43", "user": 65.51, "nice": 0.00, "system": 13.35, "iowait": 0.00, "steal": 0.00, "idle": 21.14},
						{"cpu": "44", "user": 64.53, "nice": 0.00, "system": 12.29, "iowait": 0.00, "steal": 0.00, "idle": 23.18},
						{"cpu": "45", "user": 61.72, "nice": 0.00, "system": 14.78, "iowait": 1.03, "steal": 0.00, "idle": 22.47},
						{"cpu": "46", "user": 63.18, "nice": 0.00, "system": 14.56, "iowait": 0.00, "steal": 0.00, "idle": 22.26},
						{"cpu": "47", "user": 63.05, "nice": 0.00, "system": 14.54, "iowait": 0.31, "steal": 0.00, "idle": 22.09},
						{"cpu": "48", "user": 58.64, "nice": 0.00, "system": 18.12, "iowait": 0.00, "steal": 0.00, "idle": 23.24},
						{"cpu": "49", "user": 57.94, "nice": 0.00, "system": 18.15, "iowait": 0.14, "steal": 0.00, "idle": 23.77},
						{"cpu": "50", "user": 63.40, "nice": 0.00, "system": 12.39, "iowait": 0.00, "steal": 0.00, "idle": 24.22},
						{"cpu": "51", "user": 64.74, "nice": 0.00, "system": 12.41, "iowait": 0.10, "steal": 0.00, "idle": 22.74},
						{"cpu": "52", "user": 61.47, "nice": 0.00, "system": 14.83, "iowait": 0.00, "steal": 0.00, "idle": 23.70},
						{"cpu": "53", "user": 62.33, "nice": 0.00, "system": 13.89, "iowait": 0.03, "steal": 0.00, "idle": 23.74},
						{"cpu": "54", "user": 61.83, "nice": 0.00, "system": 14.55, "iowait": 0.00, "steal": 0.00, "idle": 23.62},
