{"sysstat": {
	"hosts": [
		{
			"nodename": "rtp-qs1-14-jade",
			"sysname": "Linux",
			"release": "5.18.11-200.NOCPPCFIE.fc36.aarch64",
			"machine": "aarch64",
			"number-of-cpus": 160,
			"file-date": "2023-07-11",
			"file-utc-time": "10:16:00",
			"timezone": "EST",
			"statistics": [
				{
					"timestamp": {"date": "2023-07-11", "time": "10:16:30", "utc": 1, "interval": 30},
					"cpu-load": [
						{"cpu": "all", "user": 46.96, "nice": 0.00, "system": 16.77, "iowait": 0.05, "steal": 0.00, "idle": 36.22},
						{"cpu": "0", "user": 37.24, "nice": 0.00, "system": 18.93, "iowait": 0.00, "steal": 0.00, "idle": 43.83},
						{"cpu": "1", "user": 55.50, "nice": 0.00, "system": 18.83, "iowait": 0.00, "steal": 0.00, "idle": 25.67},
						{"cpu": "2", "user": 56.65, "nice": 0.00, "system": 15.14, "iowait": 0.00, "steal": 0.00, "idle": 28.22},
						{"cpu": "3", "user": 43.42, "nice": 0.00, "system": 20.13, "iowait": 0.32, "steal": 0.00, "idle": 36.12},
						{"cpu": "4", "user": 54.06, "nice": 0.00, "system": 15.63, "iowait": 0.10, "steal": 0.00, "idle": 30.21},
						{"cpu": "5", "user": 53.56, "nice": 0.00, "system": 13.06, "iowait": 0.00, "steal": 0.00, "idle": 33.38},
						{"cpu": "6", "user": 48.98, "nice": 0.00, "system": 20.11, "iowait": 0.00, "steal": 0.00, "idle": 30.91},
						{"cpu": "7", "user": 47.10, "nice": 0.00, "system": 19.63, "iowait": 0.00, "steal": 0.00, "idle": 33.26},
						{"cpu": "8", "user": 47.30, "nice": 0.00, "system": 18.74, "iowait": 0.00, "steal": 0.00, "idle": 33.96},
						{"cpu": "9", "user": 43.55, "nice": 0.00, "system": 22.67, "iowait": 0.00, "steal": 0.00, "idle": 33.78},
						{"cpu": "10", "user": 46.70, "nice": 0.00, "system": 16.37, "iowait": 0.00, "steal": 0.00, "idle": 36.93},
						{"cpu": "11", "user": 44.77, "nice": 0.00, "system": 12.14, "iowait": 0.00, "steal": 0.00, "idle": 43.09},
						{"cpu": "12", "user": 39.83, "nice": 0.00, "system": 22.67, "iowait": 1.44, "steal": 0.00, "idle": 36.06},
						{"cpu": "13", "user": 41.22, "nice": 0.00, "system": 16.99, "iowait": 0.00, "steal": 0.00, "idle": 41.79},
						{"cpu": "14", "user": 44.13, "nice": 0.00, "system": 11.01, "iowait": 0.00, "steal": 0.00, "idle": 44.86},
						{"cpu": "15", "user": 39.32, "nice": 0.00, "system": 15.60, "iowait": 0.00, "steal": 0.00, "idle": 45.09},
						{"cpu": "16", "user": 47.05, "nice": 0.00, "system": 15.36, "iowait": 0.00, "steal": 0.00, "idle": 37.59},
						{"cpu": "17", "user": 42.80, "nice": 0.00, "system": 17.30, "iowait": 0.00, "steal": 0.00, "idle": 39.90},
						{"cpu": "18", "user": 43.19, "nice": 0.00, "system": 15.21, "iowait": 0.00, "steal": 0.00, "idle": 41.61},
						{"cpu": "19", "user": 42.09, "nice": 0.00, "system": 16.97, "iowait": 0.00, "steal": 0.00, "idle": 40.94},
						{"cpu": "20", "user": 41.23, "nice": 0.00, "system": 14.97, "iowait": 0.00, "steal": 0.00, "idle": 43.80},
						{"cpu": "21", "user": 40.13, "nice": 0.00, "system": 15.25, "iowait": 0.00, "steal": 0.00, "idle": 44.62},
						{"cpu": "22", "user": 42.10, "nice": 0.00, "system": 13.99, "iowait": 0.00, "steal": 0.00, "idle": 43.91},
						{"cpu": "23", "user": 53.79, "nice": 0.00, "system": 20.68, "iowait": 0.00, "steal": 0.00, "idle": 25.54},
						{"cpu": "24", "user": 51.37, "nice": 0.00, "system": 21.70, "iowait": 0.04, "steal": 0.00, "idle": 26.89},
						{"cpu": "25", "user": 54.28, "nice": 0.00, "system": 16.32, "iowait": 0.00, "steal": 0.00, "idle": 29.40},
						{"cpu": "26", "user": 53.77, "nice": 0.00, "system": 13.69, "iowait": 0.00, "steal": 0.00, "idle": 32.54},
						{"cpu": "27", "user": 50.41, "nice": 0.00, "system": 16.89, "iowait": 0.00, "steal": 0.00, "idle": 32.69},
						{"cpu": "28", "user": 45.90, "nice": 0.00, "system": 18.06, "iowait": 0.00, "steal": 0.00, "idle": 36.04},
						{"cpu": "29", "user": 46.32, "nice": 0.00, "system": 22.88, "iowait": 0.31, "steal": 0.00, "idle": 30.49},
						{"cpu": "30", "user": 40.44, "nice": 0.00, "system": 20.13, "iowait": 0.35, "steal": 0.00, "idle": 39.08},
						{"cpu": "31", "user": 48.15, "nice": 0.00, "system": 14.41, "iowait": 0.00, "steal": 0.00, "idle": 37.45},
						{"cpu": "32", "user": 50.79, "nice": 0.00, "system": 18.51, "iowait": 0.00, "steal": 0.00, "idle": 30.70},
						{"cpu": "33", "user": 52.39, "nice": 0.00, "system": 16.27, "iowait": 0.00, "steal": 0.00, "idle": 31.34},
						{"cpu": "34", "user": 54.34, "nice": 0.00, "system": 11.61, "iowait": 0.00, "steal": 0.00, "idle": 34.05},
						{"cpu": "35", "user": 51.46, "nice": 0.00, "system": 13.96, "iowait": 0.00, "steal": 0.00, "idle": 34.58},
						{"cpu": "36", "user": 41.28, "nice": 0.00, "system": 20.92, "iowait": 0.11, "steal": 0.00, "idle": 37.70},
						{"cpu": "37", "user": 47.42, "nice": 0.00, "system": 19.23, "iowait": 0.00, "steal": 0.00, "idle": 33.34},
						{"cpu": "38", "user": 45.09, "nice": 0.00, "system": 19.97, "iowait": 0.00, "steal": 0.00, "idle": 34.94},
						{"cpu": "39", "user": 40.79, "nice": 0.00, "system": 24.60, "iowait": 0.03, "steal": 0.00, "idle": 34.58},
						{"cpu": "40", "user": 45.68, "nice": 0.00, "system": 14.50, "iowait": 0.00, "steal": 0.00, "idle": 39.82},
						{"cpu": "41", "user": 43.09, "nice": 0.00, "system": 16.48, "iowait": 0.00, "steal": 0.00, "idle": 40.44},
						{"cpu": "42", "user": 42.30, "nice": 0.00, "system": 16.63, "iowait": 0.28, "steal": 0.00, "idle": 40.79},
						{"cpu": "43", "user": 40.99, "nice": 0.00, "system": 16.35, "iowait": 0.00, "steal": 0.00, "idle": 42.66},
						{"cpu": "44", "user": 42.33, "nice": 0.00, "system": 14.47, "iowait": 0.00, "steal": 0.00, "idle": 43.20},
						{"cpu": "45", "user": 42.19, "nice": 0.00, "system": 9.83, "iowait": 0.21, "steal": 0.00, "idle": 47.76},
						{"cpu": "46", "user": 52.90, "nice": 0.00, "system": 19.46, "iowait": 0.00, "steal": 0.00, "idle": 27.63},
						{"cpu": "47", "user": 55.51, "nice": 0.00, "system": 16.91, "iowait": 0.00, "steal": 0.00, "idle": 27.58},
						{"cpu": "48", "user": 49.71, "nice": 0.00, "system": 20.11, "iowait": 0.00, "steal": 0.00, "idle": 30.18},
						{"cpu": "49", "user": 43.81, "nice": 0.00, "system": 15.32, "iowait": 0.28, "steal": 0.00, "idle": 40.59},
						{"cpu": "50", "user": 50.63, "nice": 0.00, "system": 16.45, "iowait": 0.00, "steal": 0.00, "idle": 32.93},
						{"cpu": "51", "user": 42.74, "nice": 0.00, "system": 25.77, "iowait": 0.00, "steal": 0.00, "idle": 31.49},
						{"cpu": "52", "user": 51.61, "nice": 0.00, "system": 11.07, "iowait": 0.00, "steal": 0.00, "idle": 37.32},
						{"cpu": "53", "user": 44.08, "nice": 0.00, "system": 17.11, "iowait": 0.00, "steal": 0.00, "idle": 38.81},
						{"cpu": "54", "user": 48.96, "nice": 0.00, "system": 11.57, "iowait": 0.00, "steal": 0.00, "idle": 39.47},
						{"cpu": "55", "user": 40.42, "nice": 0.00, "system": 22.33, "iowait": 0.03, "steal": 0.00, "idle": 37.22},
						{"cpu": "56", "user": 48.78, "nice": 0.00, "system": 9.69, "iowait": 0.00, "steal": 0.00, "idle": 41.53},
						{"cpu": "57", "user": 39.88, "nice": 0.00, "system": 18.34, "iowait": 0.00, "steal": 0.00, "idle": 41.77},
						{"cpu": "58", "user": 45.27, "nice": 0.00, "system": 11.42, "iowait": 0.00, "steal": 0.00, "idle": 43.31},
						{"cpu": "59", "user": 43.60, "nice": 0.00, "system": 10.13, "iowait": 0.00, "steal": 0.00, "idle": 46.27},
						{"cpu": "60", "user": 57.85, "nice": 0.00, "system": 13.66, "iowait": 0.00, "steal": 0.00, "idle": 28.49},
						{"cpu": "61", "user": 55.90, "nice": 0.00, "system": 17.18, "iowait": 0.00, "steal": 0.00, "idle": 26.92},
						{"cpu": "62", "user": 54.45, "nice": 0.00, "system": 16.78, "iowait": 0.00, "steal": 0.00, "idle": 28.77},
						{"cpu": "63", "user": 53.58, "nice": 0.00, "system": 14.72, "iowait": 0.00, "steal": 0.00, "idle": 31.70}
					]
				},
				{
					"timestamp": {"date": "2023-07-11", "time": "10:17:00", "utc": 1, "interval": 30},
					"cpu-load": [
						{"cpu": "all", "user": 55.43, "nice": 0.00, "system": 19.45, "iowait": 0.45, "steal": 0.00, "idle": 24.67},
						{"cpu": "0", "user": 55.49, "nice": 0.00, "system": 18.98, "iowait": 0.46, "steal": 0.00, "idle": 25.07},
						{"cpu": "1", "user": 53.18, "nice": 0.00, "system": 23.15, "iowait": 0.00, "steal": 0.00, "idle": 23.68},
						{"cpu": "2", "user": 56.23, "nice": 0.00, "system": 17.92, "iowait": 0.94, "steal": 0.00, "idle": 24.90},
						{"cpu": "3", "user": 53.03, "nice": 0.00, "system": 24.31, "iowait": 0.31, "steal": 0.00, "idle": 22.35},
						{"cpu": "4", "user": 55.11, "nice": 0.00, "system": 19.43, "iowait": 0.04, "steal": 0.00, "idle": 25.42},
						{"cpu": "5", "user": 58.37, "nice": 0.00, "system": 16.91, "iowait": 0.10, "steal": 0.00, "idle": 24.61},
						{"cpu": "6", "user": 53.52, "nice": 0.00, "system": 23.76, "iowait": 0.00, "steal": 0.00, "idle": 22.71},
						{"cpu": "7", "user": 55.91, "nice": 0.00, "system": 19.27, "iowait": 0.25, "steal": 0.00, "idle": 24.58},
						{"cpu": "8", "user": 56.24, "nice": 0.00, "system": 18.61, "iowait": 0.00, "steal": 0.00, "idle": 25.15},
						{"cpu": "9", "user": 53.75, "nice": 0.00, "system": 20.28, "iowait": 0.00, "steal": 0.00, "idle": 25.97},
						{"cpu": "10", "user": 51.40, "nice": 0.00, "system": 23.71, "iowait": 0.11, "steal": 0.00, "idle": 24.78},
						{"cpu": "11", "user": 56.41, "nice": 0.00, "system": 18.64, "iowait": 0.11, "steal": 0.00, "idle": 24.84},
						{"cpu": "12", "user": 57.94, "nice": 0.00, "system": 16.90, "iowait": 0.70, "steal": 0.00, "idle": 24.46},
						{"cpu": "13", "user": 53.33, "nice": 0.00, "system": 21.79, "iowait": 0.07, "steal": 0.00, "idle": 24.81},
						{"cpu": "14", "user": 59.64, "nice": 0.00, "system": 15.21, "iowait": 0.87, "steal": 0.00, "idle": 24.28},
						{"cpu": "15", "user": 54.50, "nice": 0.00, "system": 20.80, "iowait": 0.00, "steal": 0.00, "idle": 24.70},
						{"cpu": "16", "user": 55.55, "nice": 0.00, "system": 20.28, "iowait": 0.00, "steal": 0.00, "idle": 24.18},
						{"cpu": "17", "user": 54.55, "nice": 0.00, "system": 20.72, "iowait": 0.00, "steal": 0.00, "idle": 24.73},
						{"cpu": "18", "user": 54.97, "nice": 0.00, "system": 17.44, "iowait": 6.40, "steal": 0.00, "idle": 21.19},
						{"cpu": "19", "user": 55.16, "nice": 0.00, "system": 20.63, "iowait": 0.60, "steal": 0.00, "idle": 23.61},
						{"cpu": "20", "user": 54.29, "nice": 0.00, "system": 21.17, "iowait": 0.00, "steal": 0.00, "idle": 24.54},
						{"cpu": "21", "user": 55.89, "nice": 0.00, "system": 19.14, "iowait": 0.18, "steal": 0.00, "idle": 24.79},
						{"cpu": "22", "user": 58.18, "nice": 0.00, "system": 18.10, "iowait": 1.33, "steal": 0.00, "idle": 22.39},
						{"cpu": "23", "user": 52.17, "nice": 0.00, "system": 23.75, "iowait": 0.00, "steal": 0.00, "idle": 24.07},
						{"cpu": "24", "user": 55.77, "nice": 0.00, "system": 20.42, "iowait": 0.29, "steal": 0.00, "idle": 23.53},
						{"cpu": "25", "user": 55.83, "nice": 0.00, "system": 19.68, "iowait": 0.32, "steal": 0.00, "idle": 24.17},
						{"cpu": "26", "user": 58.91, "nice": 0.00, "system": 15.26, "iowait": 0.25, "steal": 0.00, "idle": 25.58},
						{"cpu": "27", "user": 52.17, "nice": 0.00, "system": 23.75, "iowait": 0.00, "steal": 0.00, "idle": 24.07},
						{"cpu": "28", "user": 52.52, "nice": 0.00, "system": 21.76, "iowait": 0.04, "steal": 0.00, "idle": 25.69},
						{"cpu": "29", "user": 54.32, "nice": 0.00, "system": 21.26, "iowait": 0.04, "steal": 0.00, "idle": 24.39},
						{"cpu": "30", "user": 53.02, "nice": 0.00, "system": 23.25, "iowait": 1.07, "steal": 0.00, "idle": 22.66},
						{"cpu": "31", "user": 56.47, "nice": 0.00, "system": 17.87, "iowait": 1.14, "steal": 0.00, "idle": 24.52},
						{"cpu": "32", "user": 55.05, "nice": 0.00, "system": 17.53, "iowait": 0.00, "steal": 0.00, "idle": 27.42},
						{"cpu": "33", "user": 55.32, "nice": 0.00, "system": 18.81, "iowait": 0.00, "steal": 0.00, "idle": 25.87},
						{"cpu": "34", "user": 57.76, "nice": 0.00, "system": 15.05, "iowait": 0.82, "steal": 0.00, "idle": 26.38},
						{"cpu": "35", "user": 57.57, "nice": 0.00, "system": 15.41, "iowait": 0.60, "steal": 0.00, "idle": 26.42},
						{"cpu": "36", "user": 56.01, "nice": 0.00, "system": 19.30, "iowait": 0.00, "steal": 0.00, "idle": 24.70},
						{"cpu": "37", "user": 55.40, "nice": 0.00, "system": 21.11, "iowait": 0.50, "steal": 0.00, "idle": 22.99},
						{"cpu": "38", "user": 55.38, "nice": 0.00, "system": 19.39, "iowait": 0.00, "steal": 0.00, "idle": 25.23},
						{"cpu": "39", "user": 53.29, "nice": 0.00, "system": 22.29, "iowait": 0.04, "steal": 0.00, "idle": 24.38},
						{"cpu": "40", "user": 57.01, "nice": 0.00, "system": 17.35, "iowait": 0.00, "steal": 0.00, "idle": 25.64},
						{"cpu": "41", "user": 51.09, "nice": 0.00, "system": 22.42, "iowait": 1.73, "steal": 0.00, "idle": 24.75},
						{"cpu": "42", "user": 55.20, "nice": 0.00, "system": 20.17, "iowait": 0.00, "steal": 0.00, "idle": 24.63},
						{"cpu": "43", "user": 54.02, "nice": 0.00, "system": 21.86, "iowait": 0.00, "steal": 0.00, "idle": 24.12},
						{"cpu": "44", "user": 54.61, "nice": 0.00, "system": 20.07, "iowait": 0.00, "steal": 0.00, "idle": 25.32},
						{"cpu": "45", "user": 58.99, "nice": 0.00, "system": 13.03, "iowait": 0.21, "steal": 0.00, "idle": 27.76},
						{"cpu": "46", "user": 52.27, "nice": 0.00, "system": 23.00, "iowait": 0.28, "steal": 0.00, "idle": 24.45},
						{"cpu": "47", "user": 54.16, "nice": 0.00, "system": 19.13, "iowait": 0.00, "steal": 0.00, "idle": 26.70},
						{"cpu": "48", "user": 53.04, "nice": 0.00, "system": 24.28, "iowait": 0.42, "steal": 0.00, "idle": 22.26},
						{"cpu": "49", "user": 58.23, "nice": 0.00, "system": 16.03, "iowait": 0.00, "steal": 0.00, "idle": 25.74},
						{"cpu": "50", "user": 56.31, "nice": 0.00, "system": 17.25, "iowait": 3.17, "steal": 0.00, "idle": 23.28},
						{"cpu": "51", "user": 49.24, "nice": 0.00, "system": 28.05, "iowait": 0.00, "steal": 0.00, "idle": 22.71},
						{"cpu": "52", "user": 59.06, "nice": 0.00, "system": 14.63, "iowait": 0.38, "steal": 0.00, "idle": 25.93},
						{"cpu": "53", "user": 54.98, "nice": 0.00, "system": 19.34, "iowait": 0.31, "steal": 0.00, "idle": 25.37},
						{"cpu": "54", "user": 57.25, "nice": 0.00, "system": 17.14, "iowait": 1.90, "steal": 0.00, "idle": 23.72},
						{"cpu": "55", "user": 53.79, "nice": 0.00, "system": 22.14, "iowait": 0.00, "steal": 0.00, "idle": 24.07},
						{"cpu": "56", "user": 58.45, "nice": 0.00, "system": 16.41, "iowait": 0.00, "steal": 0.00, "idle": 25.15},
						{"cpu": "57", "user": 50.70, "nice": 0.00, "system": 27.18, "iowait": 0.00, "steal": 0.00, "idle": 22.12},
						{"cpu": "58", "user": 61.61, "nice": 0.00, "system": 11.38, "iowait": 0.00, "steal": 0.00, "idle": 27.00},
						{"cpu": "59", "user": 58.18, "nice": 0.00, "system": 14.21, "iowait": 0.81, "steal": 0.00, "idle": 26.81},
						{"cpu": "60", "user": 54.24, "nice": 0.00, "system": 19.65, "iowait": 1.77, "steal": 0.00, "idle": 24.34},
						{"cpu": "61", "user": 59.31, "nice": 0.00, "system": 14.42, "iowait": 0.00, "steal": 0.00, "idle": 26.27},
						{"cpu": "62", "user": 58.77, "nice": 0.00, "system": 14.86, "iowait": 0.00, "steal": 0.00, "idle": 26.37},
						{"cpu": "63", "user": 57.05, "nice": 0.00, "system": 18.21, "iowait": 0.00, "steal": 0.00, "idle": 24.73}
					]
				},
				{
					"timestamp": {"date": "2023-07-11", "time": "10:17:30", "utc": 1, "interval": 30},
					"cpu-load": [
						{"cpu": "all", "user": 55.66, "nice": 0.00, "system": 19.36, "iowait": 0.48, "steal": 0.00, "idle": 24.50},
						{"cpu": "0", "user": 54.13, "nice": 0.00, "system": 19.97, "iowait": 0.00, "steal": 0.00, "idle": 25.89},
						{"cpu": "1", "user": 55.19, "nice": 0.00, "system": 19.36, "iowait": 0.00, "steal": 0.00, "idle": 25.45},
						{"cpu": "2", "user": 58.32, "nice": 0.00, "system": 18.11, "iowait": 0.04, "steal": 0.00, "idle": 23.54},
						{"cpu": "3", "user": 55.76, "nice": 0.00, "system": 18.23, "iowait": 0.00, "steal": 0.00, "idle": 26.01},
						{"cpu": "4", "user": 51.41, "nice": 0.00, "system": 23.38, "iowait": 0.18, "steal": 0.00, "idle": 25.04},
						{"cpu": "5", "user": 57.77, "nice": 0.00, "system": 16.03, "iowait": 1.24, "steal": 0.00, "idle": 24.96},
						{"cpu": "6", "user": 53.10, "nice": 0.00, "system": 22.50, "iowait": 0.00, "steal": 0.00, "idle": 24.40},
						{"cpu": "7", "user": 54.45, "nice": 0.00, "system": 21.26, "iowait": 0.81, "steal": 0.00, "idle": 23.48},
						{"cpu": "8", "user": 51.10, "nice": 0.00, "system": 24.56, "iowait": 0.00, "steal": 0.00, "idle": 24.34},
						{"cpu": "9", "user": 52.75, "nice": 0.00, "system": 22.74, "iowait": 0.92, "steal": 0.00, "idle": 23.59},
						{"cpu": "10", "user": 52.16, "nice": 0.00, "system": 22.54, "iowait": 0.00, "steal": 0.00, "idle": 25.30},
						{"cpu": "11", "user": 56.77, "nice": 0.00, "system": 17.00, "iowait": 0.63, "steal": 0.00, "idle": 25.60},
						{"cpu": "12", "user": 59.06, "nice": 0.00, "system": 14.45, "iowait": 0.21, "steal": 0.00, "idle": 26.28},
						{"cpu": "13", "user": 55.28, "nice": 0.00, "system": 17.85, "iowait": 0.00, "steal": 0.00, "idle": 26.88},
						{"cpu": "14", "user": 55.95, "nice": 0.00, "system": 14.38, "iowait": 0.00, "steal": 0.00, "idle": 29.67},
						{"cpu": "15", "user": 53.48, "nice": 0.00, "system": 21.22, "iowait": 0.00, "steal": 0.00, "idle": 25.30},
						{"cpu": "16", "user": 50.93, "nice": 0.00, "system": 27.28, "iowait": 0.21, "steal": 0.00, "idle": 21.58},
						{"cpu": "17", "user": 56.31, "nice": 0.00, "system": 18.76, "iowait": 0.07, "steal": 0.00, "idle": 24.86},
						{"cpu": "18", "user": 63.07, "nice": 0.00, "system": 11.34, "iowait": 0.00, "steal": 0.00, "idle": 25.58},
						{"cpu": "19", "user": 50.84, "nice": 0.00, "system": 25.30, "iowait": 0.11, "steal": 0.00, "idle": 23.76},
						{"cpu": "20", "user": 55.69, "nice": 0.00, "system": 19.02, "iowait": 0.00, "steal": 0.00, "idle": 25.29},
						{"cpu": "21", "user": 54.74, "nice": 0.00, "system": 20.00, "iowait": 2.12, "steal": 0.00, "idle": 23.14},
						{"cpu": "22", "user": 57.15, "nice": 0.00, "system": 15.19, "iowait": 1.66, "steal": 0.00, "idle": 26.00},
						{"cpu": "23", "user": 51.28, "nice": 0.00, "system": 25.39, "iowait": 0.04, "steal": 0.00, "idle": 23.29},
						{"cpu": "24", "user": 54.56, "nice": 0.00, "system": 21.20, "iowait": 0.00, "steal": 0.00, "idle": 24.25},
						{"cpu": "25", "user": 57.43, "nice": 0.00, "system": 17.87, "iowait": 0.21, "steal": 0.00, "idle": 24.48},
						{"cpu": "26", "user": 61.41, "nice": 0.00, "system": 14.77, "iowait": 0.21, "steal": 0.00, "idle": 23.61},
						{"cpu": "27", "user": 53.87, "nice": 0.00, "system": 21.09, "iowait": 0.00, "steal": 0.00, "idle": 25.04},
						{"cpu": "28", "user": 54.17, "nice": 0.00, "system": 21.02, "iowait": 0.00, "steal": 0.00, "idle": 24.81},
						{"cpu": "29", "user": 55.82, "nice": 0.00, "system": 19.44, "iowait": 0.00, "steal": 0.00, "idle": 24.74},
						{"cpu": "30", "user": 53.82, "nice": 0.00, "system": 21.39, "iowait": 0.00, "steal": 0.00, "idle": 24.79},
						{"cpu": "31", "user": 59.76, "nice": 0.00, "system": 16.49, "iowait": 0.28, "steal": 0.00, "idle": 23.47},
						{"cpu": "32", "user": 57.70, "nice": 0.00, "system": 18.11, "iowait": 0.00, "steal": 0.00, "idle": 24.19},
						{"cpu": "33", "user": 55.10, "nice": 0.00, "system": 18.37, "iowait": 0.00, "steal": 0.00, "idle": 26.54},
						{"cpu": "34", "user": 59.74, "nice": 0.00, "system": 14.26, "iowait": 0.60, "steal": 0.00, "idle": 25.40},
						{"cpu": "35", "user": 56.72, "nice": 0.00, "system": 18.22, "iowait": 2.96, "steal": 0.00, "idle": 22.09},
						{"cpu": "36", "user": 55.42, "nice": 0.00, "system": 20.75, "iowait": 0.42, "steal": 0.00, "idle": 23.41},
						{"cpu": "37", "user": 53.56, "nice": 0.00, "system": 23.22, "iowait": 0.29, "steal": 0.00, "idle": 22.93},
						{"cpu": "38", "user": 58.96, "nice": 0.00, "system": 16.86, "iowait": 0.99, "steal": 0.00, "idle": 23.19},
						{"cpu": "39", "user": 52.84, "nice": 0.00, "system": 23.98, "iowait": 0.00, "steal": 0.00, "idle": 23.18},
						{"cpu": "40", "user": 56.08, "nice": 0.00, "system": 20.19, "iowait": 0.00, "steal": 0.00, "idle": 23.73},
						{"cpu": "41", "user": 54.47, "nice": 0.00, "system": 21.55, "iowait": 0.67, "steal": 0.00, "idle": 23.31},
						{"cpu": "42", "user": 55.08, "nice": 0.00, "system": 20.59, "iowait": 0.32, "steal": 0.00, "idle": 24.01},
						{"cpu": "43", "user": 53.24, "nice": 0.00, "system": 23.45, "iowait": 0.89, "steal": 0.00, "idle": 22.42},
						{"cpu": "44", "user": 57.32, "nice": 0.00, "system": 17.43, "iowait": 0.00, "steal": 0.00, "idle": 25.25},
						{"cpu": "45", "user": 56.05, "nice": 0.00, "system": 16.01, "iowait": 0.70, "steal": 0.00, "idle": 27.24},
						{"cpu": "46", "user": 56.98, "nice": 0.00, "system": 17.48, "iowait": 0.32, "steal": 0.00, "idle": 25.22},
						{"cpu": "47", "user": 56.50, "nice": 0.00, "system": 19.11, "iowait": 0.00, "steal": 0.00, "idle": 24.40},
						{"cpu": "48", "user": 54.61, "nice": 0.00, "system": 22.50, "iowait": 0.00, "steal": 0.00, "idle": 22.88},
						{"cpu": "49", "user": 58.31, "nice": 0.00, "system": 15.80, "iowait": 1.10, "steal": 0.00, "idle": 24.80},
						{"cpu": "50", "user": 59.62, "nice": 0.00, "system": 13.93, "iowait": 0.14, "steal": 0.00, "idle": 26.31},
						{"cpu": "51", "user": 49.88, "nice": 0.00, "system": 27.93, "iowait": 0.00, "steal": 0.00, "idle": 22.19},
						{"cpu": "52", "user": 58.49, "nice": 0.00, "system": 15.91, "iowait": 1.33, "steal": 0.00, "idle": 24.27},
						{"cpu": "53", "user": 55.89, "nice": 0.00, "system": 20.00, "iowait": 0.00, "steal": 0.00, "idle": 24.11},
						{"cpu": "54", "user": 56.43, "nice": 0.00, "system": 16.39, "iowait": 1.12, "steal": 0.00, "idle": 26.06},
						{"cpu": "55", "user": 54.26, "nice": 0.00, "system": 20.26, "iowait": 2.89, "steal": 0.00, "idle": 22.59},
						{"cpu": "56", "user": 58.37, "nice": 0.00, "system": 15.42, "iowait": 0.11, "steal": 0.00, "idle": 26.10},
						{"cpu": "57", "user": 51.74, "nice": 0.00, "system": 25.89, "iowait": 1.17, "steal": 0.00, "idle": 21.21},
						{"cpu": "58", "user": 58.27, "nice": 0.00, "system": 17.10, "iowait": 0.39, "steal": 0.00, "idle": 24.25},
						{"cpu": "59", "user": 56.47, "nice": 0.00, "system": 18.28, "iowait": 1.21, "steal": 0.00, "idle": 24.04},
						{"cpu": "60", "user": 53.20, "nice": 0.00, "system": 22.93, "iowait": 0.00, "steal": 0.00, "idle": 23.86},
						{"cpu": "61", "user": 60.38, "nice": 0.00, "system": 10.95, "iowait": 0.39, "steal": 0.00, "idle": 28.29},
						{"cpu": "62", "user": 57.59, "nice": 0.00, "system": 17.35, "iowait": 2.21, "steal": 0.00, "idle": 22.85},
						{"cpu": "63", "user": 55.59, "nice": 0.00, "system": 19.48, "iowait": 1.63, "steal": 0.00, "idle": 23.30}
					]
				},
				{
					"timestamp": {"date": "2023-07-11", "time": "10:18:00", "utc": 1, "interval": 30},
					"cpu-load": [
						{"cpu": "all", "user": 54.60, "nice": 0.00, "system": 19.30, "iowait": 0.39, "steal": 0.00, "idle": 25.70},
						{"cpu": "0", "user": 53.74, "nice": 0.00, "system": 20.77, "iowait": 0.38, "steal": 0.00, "idle": 25.10},
						{"cpu": "1", "user": 54.48, "nice": 0.00, "system": 19.56, "iowait": 0.04, "steal": 0.00, "idle": 25.92},
						{"cpu": "2", "user": 56.92, "nice": 0.00, "system": 13.84, "iowait": 0.00, "steal": 0.00, "idle": 29.23},
						{"cpu": "3", "user": 55.07, "nice": 0.00, "system": 18.17, "iowait": 0.00, "steal": 0.00, "idle": 26.76},
						{"cpu": "4", "user": 53.73, "nice": 0.00, "system": 18.91, "iowait": 1.05, "steal": 0.00, "idle": 26.30},
						{"cpu": "5", "user": 56.73, "nice": 0.00, "system": 14.00, "iowait": 1.42, "steal": 0.00, "idle": 27.85},
						{"cpu": "6", "user": 49.38, "nice": 0.00, "system": 25.74, "iowait": 0.00, "steal": 0.00, "idle": 24.88},
						{"cpu": "7", "user": 54.76, "nice": 0.00, "system": 19.73, "iowait": 0.18, "steal": 0.00, "idle": 25.33},
						{"cpu": "8", "user": 55.93, "nice": 0.00, "system": 18.54, "iowait": 0.32, "steal": 0.00, "idle": 25.22},
						{"cpu": "9", "user": 51.57, "nice": 0.00, "system": 19.48, "iowait": 0.31, "steal": 0.00, "idle": 28.65},
						{"cpu": "10", "user": 50.57, "nice": 0.00, "system": 24.23, "iowait": 0.00, "steal": 0.00, "idle": 25.20},
						{"cpu": "11", "user": 52.40, "nice": 0.00, "system": 21.96, "iowait": 0.00, "steal": 0.00, "idle": 25.64},
						{"cpu": "12", "user": 57.90, "nice": 0.00, "system": 14.20, "iowait": 0.07, "steal": 0.00, "idle": 27.84},
						{"cpu": "13", "user": 54.15, "nice": 0.00, "system": 19.05, "iowait": 0.36, "steal": 0.00, "idle": 26.44},
						{"cpu": "14", "user": 53.82, "nice": 0.00, "system": 20.50, "iowait": 0.94, "steal": 0.00, "idle": 24.74},
						{"cpu": "15", "user": 50.47, "nice": 0.00, "system": 25.62, "iowait": 0.00, "steal": 0.00, "idle": 23.91},
						{"cpu": "16", "user": 53.54, "nice": 0.00, "system": 20.63, "iowait": 0.00, "steal": 0.00, "idle": 25.83},
						{"cpu": "17", "user": 52.74, "nice": 0.00, "system": 18.92, "iowait": 0.00, "steal": 0.00, "idle": 28.34},
						{"cpu": "18", "user": 55.30, "nice": 0.00, "system": 15.37, "iowait": 0.00, "steal": 0.00, "idle": 29.33},
						{"cpu": "19", "user": 52.65, "nice": 0.00, "system": 21.37, "iowait": 0.80, "steal": 0.00, "idle": 25.18},
						{"cpu": "20", "user": 54.50, "nice": 0.00, "system": 18.93, "iowait": 0.00, "steal": 0.00, "idle": 26.56},
						{"cpu": "21", "user": 55.66, "nice": 0.00, "system": 17.46, "iowait": 0.00, "steal": 0.00, "idle": 26.87},
						{"cpu": "22", "user": 58.90, "nice": 0.00, "system": 12.17, "iowait": 1.23, "steal": 0.00, "idle": 27.69},
						{"cpu": "23", "user": 52.68, "nice": 0.00, "system": 22.13, "iowait": 0.00, "steal": 0.00, "idle": 25.18},
						{"cpu": "24", "user": 50.62, "nice": 0.00, "system": 26.03, "iowait": 0.14, "steal": 0.00, "idle": 23.21},
						{"cpu": "25", "user": 49.65, "nice": 0.00, "system": 26.35, "iowait": 1.70, "steal": 0.00, "idle": 22.31},
						{"cpu": "26", "user": 58.88, "nice": 0.00, "system": 12.03, "iowait": 0.36, "steal": 0.00, "idle": 28.73},
						{"cpu": "27", "user": 54.03, "nice": 0.00, "system": 20.71, "iowait": 0.00, "steal": 0.00, "idle": 25.26},
						{"cpu": "28", "user": 51.92, "nice": 0.00, "system": 22.36, "iowait": 0.35, "steal": 0.00, "idle": 25.38},
						{"cpu": "29", "user": 51.66, "nice": 0.00, "system": 24.07, "iowait": 2.86, "steal": 0.00, "idle": 21.41},
						{"cpu": "30", "user": 52.50, "nice": 0.00, "system": 22.12, "iowait": 0.00, "steal": 0.00, "idle": 25.38},
						{"cpu": "31", "user": 56.00, "nice": 0.00, "system": 15.76, "iowait": 0.00, "steal": 0.00, "idle": 28.24},
						{"cpu": "32", "user": 56.40, "nice": 0.00, "system": 16.54, "iowait": 2.08, "steal": 0.00, "idle": 24.98},
						{"cpu": "33", "user": 52.78, "nice": 0.00, "system": 21.63, "iowait": 0.60, "steal": 0.00, "idle": 24.98},
						{"cpu": "34", "user": 56.88, "nice": 0.00, "system": 12.43, "iowait": 0.14, "steal": 0.00, "idle": 30.55},
						{"cpu": "35", "user": 56.29, "nice": 0.00, "system": 15.24, "iowait": 0.28, "steal": 0.00, "idle": 28.18},
						{"cpu": "36", "user": 51.15, "nice": 0.00, "system": 23.24, "iowait": 1.92, "steal": 0.00, "idle": 23.69},
						{"cpu": "37", "user": 51.88, "nice": 0.00, "system": 22.81, "iowait": 0.00, "steal": 0.00, "idle": 25.31},
						{"cpu": "38", "user": 53.96, "nice": 0.00, "system": 18.56, "iowait": 0.95, "steal": 0.00, "idle": 26.52},
						{"cpu": "39", "user": 52.97, "nice": 0.00, "system": 21.68, "iowait": 0.00, "steal": 0.00, "idle": 25.34},
						{"cpu": "40", "user": 53.92, "nice": 0.00, "system": 18.89, "iowait": 0.04, "steal": 0.00, "idle": 27.16},
						{"cpu": "41", "user": 55.74, "nice": 0.00, "system": 16.03, "iowait": 0.00, "steal": 0.00, "idle": 28.23},
						{"cpu": "42", "user": 52.56, "nice": 0.00, "system": 20.84, "iowait": 0.00, "steal": 0.00, "idle": 26.60},
						{"cpu": "43", "user": 53.02, "nice": 0.00, "system": 20.20, "iowait": 0.00, "steal": 0.00, "idle": 26.78},
						{"cpu": "44", "user": 52.59, "nice": 0.00, "system": 19.89, "iowait": 0.00, "steal": 0.00, "idle": 27.52},
						{"cpu": "45", "user": 54.96, "nice": 0.00, "system": 17.98, "iowait": 0.25, "steal": 0.00, "idle": 26.81},
						{"cpu": "46", "user": 55.09, "nice": 0.00, "system": 16.80, "iowait": 0.00, "steal": 0.00, "idle": 28.11},
						{"cpu": "47", "user": 50.76, "nice": 0.00, "system": 22.17, "iowait": 0.71, "steal": 0.00, "idle": 26.35},
						{"cpu": "48", "user": 50.21, "nice": 0.00, "system": 28.25, "iowait": 0.04, "steal": 0.00, "idle": 21.50},
						{"cpu": "49", "user": 59.55, "nice": 0.00, "system": 17.35, "iowait": 0.38, "steal": 0.00, "idle": 22.71},
						{"cpu": "50", "user": 56.86, "nice": 0.00, "system": 17.36, "iowait": 0.61, "steal": 0.00, "idle": 25.18},
						{"cpu": "51", "user": 50.46, "nice": 0.00, "system": 28.50, "iowait": 0.00, "steal": 0.00, "idle": 21.04},
						{"cpu": "52", "user": 61.85, "nice": 0.00, "system": 12.96, "iowait": 0.00, "steal": 0.00, "idle": 25.19},
						{"cpu": "53", "user": 53.78, "nice": 0.00, "system": 22.20, "iowait": 1.85, "steal": 0.00, "idle": 22.17},
						{"cpu": "54", "user": 56.18, "nice": 0.00, "system": 16.85, "iowait": 0.28, "steal": 0.00, "idle": 26.69},
						{"cpu": "55", "user": 53.26, "nice": 0.00, "system": 22.72, "iowait": 0.38, "steal": 0.00, "idle": 23.63},
						{"cpu": "56", "user": 62.56, "nice": 0.00, "system": 12.61, "iowait": 0.18, "steal": 0.00, "idle": 24.65},
						{"cpu": "57", "user": 50.18, "nice": 0.00, "system": 28.14, "iowait": 0.00, "steal": 0.00, "idle": 21.68},
						{"cpu": "58", "user": 62.00, "nice": 0.00, "system": 12.74, "iowait": 0.18, "steal": 0.00, "idle": 25.09},
						{"cpu": "59", "user": 58.37, "nice": 0.00, "system": 16.45, "iowait": 0.00, "steal": 0.00, "idle": 25.18},
						{"cpu": "60", "user": 54.60, "nice": 0.00, "system": 20.81, "iowait": 1.59, "steal": 0.00, "idle": 23.00},
						{"cpu": "61", "user": 62.56, "nice": 0.00, "system": 10.98, "iowait": 0.28, "steal": 0.00, "idle": 26.18},
						{"cpu": "62", "user": 61.57, "nice": 0.00, "system": 12.20, "iowait": 0.00, "steal": 0.00, "idle": 26.23},
						{"cpu": "63", "user": 56.95, "nice": 0.00, "system": 19.22, "iowait": 0.00, "steal": 0.00, "idle": 23.83}
					]
				},
				{
					"timestamp": {"date": "2023-07-11", "time": "10:18:30", "utc": 1, "interval": 30},
					"cpu-load": [
						{"cpu": "all", "user": 55.46, "nice": 0.00, "system": 19.57, "iowait": 0.36, "steal": 0.00, "idle": 24.61},
						{"cpu": "0", "user": 53.67, "nice": 0.00, "system": 21.30, "iowait": 0.46, "steal": 0.00, "idle": 24.57},
						{"cpu": "1", "user": 56.13, "nice": 0.00, "system": 19.18, "iowait": 0.00, "steal": 0.00, "idle": 24.69},
						{"cpu": "2", "user": 55.90, "nice": 0.00, "system": 16.34, "iowait": 0.00, "steal": 0.00, "idle": 27.76},
						{"cpu": "3", "user": 53.21, "nice": 0.00, "system": 22.18, "iowait": 0.00, "steal": 0.00, "idle": 24.61},
						{"cpu": "4", "user": 57.52, "nice": 0.00, "system": 17.60, "iowait": 0.28, "steal": 0.00, "idle": 24.59},
						{"cpu": "5", "user": 57.25, "nice": 0.00, "system": 17.05, "iowait": 0.32, "steal": 0.00, "idle": 25.38},
						{"cpu": "6", "user": 52.90, "nice": 0.00, "system": 23.23, "iowait": 1.10, "steal": 0.00, "idle": 22.77},
						{"cpu": "7", "user": 54.71, "nice": 0.00, "system": 21.13, "iowait": 0.00, "steal": 0.00, "idle": 24.16},
						{"cpu": "8", "user": 54.69, "nice": 0.00, "system": 20.36, "iowait": 0.11, "steal": 0.00, "idle": 24.85},
						{"cpu": "9", "user": 53.13, "nice": 0.00, "system": 21.38, "iowait": 0.04, "steal": 0.00, "idle": 25.45},
						{"cpu": "10", "user": 52.46, "nice": 0.00, "system": 23.16, "iowait": 0.00, "steal": 0.00, "idle": 24.38},
						{"cpu": "11", "user": 55.63, "nice": 0.00, "system": 19.38, "iowait": 0.00, "steal": 0.00, "idle": 24.98},
						{"cpu": "12", "user": 56.82, "nice": 0.00, "system": 17.11, "iowait": 0.78, "steal": 0.00, "idle": 25.28},
						{"cpu": "13", "user": 55.41, "nice": 0.00, "system": 19.79, "iowait": 0.04, "steal": 0.00, "idle": 24.76},
						{"cpu": "14", "user": 57.39, "nice": 0.00, "system": 16.31, "iowait": 3.11, "steal": 0.00, "idle": 23.19},
						{"cpu": "15", "user": 54.38, "nice": 0.00, "system": 21.82, "iowait": 0.00, "steal": 0.00, "idle": 23.80},
						{"cpu": "16", "user": 56.19, "nice": 0.00, "system": 20.13, "iowait": 0.00, "steal": 0.00, "idle": 23.68},
						{"cpu": "17", "user": 54.77, "nice": 0.00, "system": 20.24, "iowait": 0.60, "steal": 0.00, "idle": 24.39},
						{"cpu": "18", "user": 55.60, "nice": 0.00, "system": 20.85, "iowait": 1.56, "steal": 0.00, "idle": 21.99},
						{"cpu": "19", "user": 52.42, "nice": 0.00, "system": 23.14, "iowait": 0.10, "steal": 0.00, "idle": 24.33},
						{"cpu": "20", "user": 55.74, "nice": 0.00, "system": 19.77, "iowait": 0.00, "steal": 0.00, "idle": 24.49},
						{"cpu": "21", "user": 58.74, "nice": 0.00, "system": 16.91, "iowait": 0.07, "steal": 0.00, "idle": 24.28},
						{"cpu": "22", "user": 61.34, "nice": 0.00, "system": 12.67, "iowait": 0.00, "steal": 0.00, "idle": 25.99},
						{"cpu": "23", "user": 52.29, "nice": 0.00, "system": 24.79, "iowait": 0.00, "steal": 0.00, "idle": 22.91},
						{"cpu": "24", "user": 54.92, "nice": 0.00, "system": 22.43, "iowait": 0.00, "steal": 0.00, "idle": 22.65},
						{"cpu": "25", "user": 58.49, "nice": 0.00, "system": 17.34, "iowait": 0.97, "steal": 0.00, "idle": 23.20},
						{"cpu": "26", "user": 55.98, "nice": 0.00, "system": 20.13, "iowait": 0.81, "steal": 0.00, "idle": 23.07},
						{"cpu": "27", "user": 55.31, "nice": 0.00, "system": 21.36, "iowait": 0.00, "steal": 0.00, "idle": 23.33},
						{"cpu": "28", "user": 52.96, "nice": 0.00, "system": 23.93, "iowait": 0.07, "steal": 0.00, "idle": 23.04},
						{"cpu": "29", "user": 55.35, "nice": 0.00, "system": 21.45, "iowait": 0.00, "steal": 0.00, "idle": 23.19},
						{"cpu": "30", "user": 53.89, "nice": 0.00, "system": 22.68, "iowait": 0.00, "steal": 0.00, "idle": 23.43},
						{"cpu": "31", "user": 54.20, "nice": 0.00, "system": 18.94, "iowait": 2.38, "steal": 0.00, "idle": 24.48},
						{"cpu": "32", "user": 56.96, "nice": 0.00, "system": 17.10, "iowait": 0.14, "steal": 0.00, "idle": 25.81},
						{"cpu": "33", "user": 55.25, "nice": 0.00, "system": 20.33, "iowait": 0.00, "steal": 0.00, "idle": 24.42},
						{"cpu": "34", "user": 60.47, "nice": 0.00, "system": 12.37, "iowait": 1.59, "steal": 0.00, "idle": 25.58},
						{"cpu": "35", "user": 55.16, "nice": 0.00, "system": 19.25, "iowait": 1.01, "steal": 0.00, "idle": 24.58},
						{"cpu": "36", "user": 54.85, "nice": 0.00, "system": 20.95, "iowait": 0.00, "steal": 0.00, "idle": 24.20},
						{"cpu": "37", "user": 51.16, "nice": 0.00, "system": 26.15, "iowait": 0.00, "steal": 0.00, "idle": 22.69},
						{"cpu": "38", "user": 58.38, "nice": 0.00, "system": 16.23, "iowait": 0.00, "steal": 0.00, "idle": 25.39},
						{"cpu": "39", "user": 51.42, "nice": 0.00, "system": 26.50, "iowait": 0.14, "steal": 0.00, "idle": 21.93},
						{"cpu": "40", "user": 51.07, "nice": 0.00, "system": 24.83, "iowait": 0.98, "steal": 0.00, "idle": 23.11},
						{"cpu": "41", "user": 57.78, "nice": 0.00, "system": 15.88, "iowait": 0.07, "steal": 0.00, "idle": 26.27},
						{"cpu": "42", "user": 54.65, "nice": 0.00, "system": 20.67, "iowait": 0.28, "steal": 0.00, "idle": 24.40},
						{"cpu": "43", "user": 54.53, "nice": 0.00, "system": 21.88, "iowait": 0.04, "steal": 0.00, "idle": 23.56},
						{"cpu": "44", "user": 50.80, "nice": 0.00, "system": 19.98, "iowait": 0.14, "steal": 0.00, "idle": 29.08},
						{"cpu": "45", "user": 61.28, "nice": 0.00, "system": 12.18, "iowait": 0.25, "steal": 0.00, "idle": 26.29},
						{"cpu": "46", "user": 53.52, "nice": 0.00, "system": 20.89, "iowait": 0.00, "steal": 0.00, "idle": 25.58},
						{"cpu": "47", "user": 55.70, "nice": 0.00, "system": 19.13, "iowait": 0.07, "steal": 0.00, "idle": 25.10},
						{"cpu": "48", "user": 53.28, "nice": 0.00, "system": 23.43, "iowait": 0.00, "steal": 0.00, "idle": 23.29},
						{"cpu": "49", "user": 54.86, "nice": 0.00, "system": 18.35, "iowait": 0.45, "steal": 0.00, "idle": 26.34},
						{"cpu": "50", "user": 55.40, "nice": 0.00, "system": 19.24, "iowait": 0.14, "steal": 0.00, "idle": 25.22},
						{"cpu": "51", "user": 49.70, "nice": 0.00, "system": 26.57, "iowait": 0.00, "steal": 0.00, "idle": 23.73},
						{"cpu": "52", "user": 57.84, "nice": 0.00, "system": 17.02, "iowait": 0.55, "steal": 0.00, "idle": 24.58},
						{"cpu": "53", "user": 56.09, "nice": 0.00, "system": 19.22, "iowait": 0.00, "steal": 0.00, "idle": 24.69},
						{"cpu": "54", "user": 57.12, "nice": 0.00, "system": 15.86, "iowait": 0.07, "steal": 0.00, "idle": 26.95},
						{"cpu": "55", "user": 56.45, "nice": 0.00, "system": 18.86, "iowait": 0.00, "steal": 0.00, "idle": 24.68},
						{"cpu": "56", "user": 57.73, "nice": 0.00, "system": 16.83, "iowait": 0.32, "steal": 0.00, "idle": 25.13},
						{"cpu": "57", "user": 52.68, "nice": 0.00, "system": 25.43, "iowait": 0.28, "steal": 0.00, "idle": 21.60},
						{"cpu": "58", "user": 60.84, "nice": 0.00, "system": 12.00, "iowait": 0.21, "steal": 0.00, "idle": 26.94},
						{"cpu": "59", "user": 55.17, "nice": 0.00, "system": 20.85, "iowait": 0.56, "steal": 0.00, "idle": 23.42},
						{"cpu": "60", "user": 57.91, "nice": 0.00, "system": 16.42, "iowait": 0.04, "steal": 0.00, "idle": 25.63},
						{"cpu": "61", "user": 57.41, "nice": 0.00, "system": 12.17, "iowait": 0.78, "steal": 0.00, "idle": 29.64},
						{"cpu": "62", "user": 58.87, "nice": 0.00, "system": 13.22, "iowait": 1.40, "steal": 0.00, "idle": 26.51},
						{"cpu": "63", "user": 55.48, "nice": 0.00, "system": 18.66, "iowait": 0.91, "steal": 0.00, "idle": 24.95}
					]
				},
				{
					"timestamp": {"date": "2023-07-11", "time": "10:19:00", "utc": 1, "interval": 30},
					"cpu-load": [
						{"cpu": "all", "user": 55.72, "nice": 0.00, "system": 19.50, "iowait": 0.35, "steal": 0.00, "idle": 24.43},
						{"cpu": "0", "user": 48.26, "nice": 0.00, "system": 29.51, "iowait": 1.15, "steal": 0.00, "idle": 21.08},
						{"cpu": "1", "user": 51.23, "nice": 0.00, "system": 22.53, "iowait": 3.56, "steal": 0.00, "idle": 22.68},
						{"cpu": "2", "user": 57.17, "nice": 0.00, "system": 15.07, "iowait": 0.38, "steal": 0.00, "idle": 27.38},
						{"cpu": "3", "user": 54.43, "nice": 0.00, "system": 21.29, "iowait": 0.00, "steal": 0.00, "idle": 24.28},
						{"cpu": "4", "user": 57.27, "nice": 0.00, "system": 17.50, "iowait": 0.04, "steal": 0.00, "idle": 25.20},
						{"cpu": "5", "user": 59.77, "nice": 0.00, "system": 12.27, "iowait": 0.00, "steal": 0.00, "idle": 27.96},
						{"cpu": "6", "user": 50.76, "nice": 0.00, "system": 25.75, "iowait": 0.00, "steal": 0.00, "idle": 23.48},
						{"cpu": "7", "user": 55.32, "nice": 0.00, "system": 21.47, "iowait": 0.00, "steal": 0.00, "idle": 23.21},
						{"cpu": "8", "user": 53.84, "nice": 0.00, "system": 21.80, "iowait": 0.04, "steal": 0.00, "idle": 24.33},
						{"cpu": "9", "user": 53.14, "nice": 0.00, "system": 22.34, "iowait": 0.00, "steal": 0.00, "idle": 24.52},
						{"cpu": "10", "user": 54.89, "nice": 0.00, "system": 20.94, "iowait": 0.00, "steal": 0.00, "idle": 24.17},
						{"cpu": "11", "user": 58.34, "nice": 0.00, "system": 14.93, "iowait": 1.36, "steal": 0.00, "idle": 25.37},
						{"cpu": "12", "user": 61.73, "nice": 0.00, "system": 11.55, "iowait": 0.25, "steal": 0.00, "idle": 26.46},
						{"cpu": "13", "user": 50.57, "nice": 0.00, "system": 24.36, "iowait": 1.32, "steal": 0.00, "idle": 23.76},
						{"cpu": "14", "user": 58.51, "nice": 0.00, "system": 14.67, "iowait": 0.00, "steal": 0.00, "idle": 26.82},
						{"cpu": "15", "user": 53.11, "nice": 0.00, "system": 22.17, "iowait": 0.00, "steal": 0.00, "idle": 24.72},
						{"cpu": "16", "user": 54.41, "nice": 0.00, "system": 21.86, "iowait": 0.00, "steal": 0.00, "idle": 23.73},
						{"cpu": "17", "user": 54.88, "nice": 0.00, "system": 19.20, "iowait": 0.00, "steal": 0.00, "idle": 25.92},
						{"cpu": "18", "user": 57.34, "nice": 0.00, "system": 15.84, "iowait": 1.89, "steal": 0.00, "idle": 24.92},
